800,'3d6616aa-5fe5-45d7-a5a7-de31dc5b5067',603,,3426,13,,,0,100,,3418,13,,,0,100,,3431,13,,,0,100,,3417,13,,,0,100,,3430,13,,,0,30,,3424,13,,,0,70,,3438,13,,,0,30,,3436,13,,,0,70,,3425,13,,,0,30,,3421,13,,,0,70,,3437,13,,,0,30,,3420,13,,,0,70,,3435,13,,,0,30,,3419,13,,,0,70,,3432,13,,,0,30,,3441,13,,,0,70,,3428,13,,,0,30,,3427,13,,,0,70,,3433,13,,,0,30,,3423,13,,,0,70,,3439,13,,,0,100,,3422,13,,,0,100,,3440,13,,,0,100,,3429,13,,,0,100,,3442,13,,,0,100,,3434,13,,,0
800,'544cca2d-eb56-4497-a87c-6dfab9a47eff',603,,3451,13,,,0,100,,3452,13,,,0,100,,3464,13,,,0,100,,3465,13,,,0,100,,3445,13,,,0,30,,3461,13,,,0,70,,3456,13,,,0,30,,3453,13,,,0,70,,3466,13,,,0,30,,3463,13,,,0,70,,3467,13,,,0,30,,3462,13,,,0,70,,3447,13,,,0,30,,3459,13,,,0,70,,3454,13,,,0,30,,3460,13,,,0,70,,3457,13,,,0,30,,3446,13,,,0,70,,3443,13,,,0,30,,3444,13,,,0,70,,3449,13,,,0,100,,3468,13,,,0,100,,3455,13,,,0,100,,3458,13,,,0,100,,3448,13,,,0,100,,3450,13,,,0
800,'990807e3-90f5-447e-ac49-3637a557f929',603,,3477,13,,,0,100,,3483,13,,,0,100,,3475,13,,,0,100,,3472,13,,,0,100,,3486,13,,,0,100,,3474,13,,,0,100,,3473,13,,,0,100,,3471,13,,,0,100,,3478,13,,,0,100,,3480,13,,,0,100,,3485,13,,,0,100,,3482,13,,,0,100,,3481,13,,,0,100,,3479,13,,,0,100,,3470,13,,,0,100,,3469,13,,,0,100,,3476,13,,,0,100,,3484,13,,,0
800,'a265ba2f-b229-4c20-8469-04701c32ea40',603,,3496,13,,,0,100,,3503,13,,,0,100,,3491,13,,,0,100,,3487,13,,,0,100,,3494,13,,,0,100,,3497,13,,,0,100,,3493,13,,,0,100,,3489,13,,,0,100,,3504,13,,,0,100,,3498,13,,,0,100,,3495,13,,,0,100,,3488,13,,,0,100,,3501,13,,,0,100,,3500,13,,,0,100,,3492,13,,,0,100,,3502,13,,,0,100,,3499,13,,,0,100,,3490,13,,,0
800,'b0e813df-b289-42c4-9332-a1e23c8f87f4',903,,3514,13,,,0,100,,3507,13,,,0,100,,3508,13,,,0,100,,3513,13,,,0,100,,3512,13,,,0,100,,3511,13,,,0,100,,3506,13,,,0,100,,3505,13,,,0,100,,3510,13,,,0,100,,3509,13,,,0
800,'b666c188-406b-4a60-a896-e015a794e699',903,,3524,13,,,0,100,,3519,13,,,0,100,,3517,13,,,0,100,,3516,13,,,0,100,,3523,13,,,0,100,,3518,13,,,0,100,,3515,13,,,0,100,,3520,13,,,0,100,,3522,13,,,0,100,,3521,13,,,0
800,'c27db234-c9a6-46aa-8ca1-f930e30efe20',903,,3533,13,,,0,100,,3530,13,,,0,100,,3532,13,,,0,100,,3528,13,,,0,100,,3534,13,,,0,100,,3525,13,,,0,100,,3529,13,,,0,100,,3527,13,,,0,100,,3526,13,,,0,100,,3531,13,,,0
2200,'3d6616aa-5fe5-45d7-a5a7-de31dc5b5067',603,,3941,22,,,0,30,,3943,22,,,0,70,,3951,22,,,0,30,,3966,22,,,0,70,,3949,22,,,0,30,,3942,22,,,0,70,,3953,22,,,0,30,,3940,22,,,0,70,,3946,22,,,0,30,,3965,22,,,0,70,,3959,22,,,0,30,,3957,22,,,0,70,,3961,22,,,0,30,,3962,22,,,0,70,,3947,22,,,0,30,,3954,22,,,0,70,,3960,22,,,0,30,,3964,22,,,0,70,,3939,22,,,0,30,,3952,22,,,0,70,,3938,22,,,0,30,,3944,22,,,0,70,,3937,22,,,0,30,,3958,22,,,0,70,,3955,22,,,0,100,,3950,22,,,0,100,,3956,22,,,0,100,,3948,22,,,0,100,,3963,22,,,0,100,,3945,22,,,0
2200,'544cca2d-eb56-4497-a87c-6dfab9a47eff',603,,3970,22,,,0,30,,3983,22,,,0,70,,3973,22,,,0,30,,3969,22,,,0,70,,3991,22,,,0,30,,3993,22,,,0,70,,3977,22,,,0,30,,3980,22,,,0,70,,3985,22,,,0,30,,3975,22,,,0,70,,3971,22,,,0,30,,3992,22,,,0,70,,3996,22,,,0,30,,3981,22,,,0,70,,3974,22,,,0,30,,3994,22,,,0,70,,3990,22,,,0,30,,3978,22,,,0,70,,3976,22,,,0,30,,3986,22,,,0,70,,3967,22,,,0,30,,3968,22,,,0,70,,3984,22,,,0,30,,3989,22,,,0,70,,3979,22,,,0,100,,3972,22,,,0,100,,3982,22,,,0,100,,3995,22,,,0,100,,3988,22,,,0,100,,3987,22,,,0
2200,'990807e3-90f5-447e-ac49-3637a557f929',603,,4006,22,,,0,100,,4021,22,,,0,100,,4022,22,,,0,100,,4004,22,,,0,100,,4011,22,,,0,30,,4019,22,,,0,70,,4020,22,,,0,30,,4017,22,,,0,70,,4000,22,,,0,30,,4012,22,,,0,70,,4018,22,,,0,30,,3997,22,,,0,70,,4007,22,,,0,30,,4008,22,,,0,70,,3998,22,,,0,30,,4003,22,,,0,70,,4015,22,,,0,30,,4002,22,,,0,70,,4014,22,,,0,30,,4016,22,,,0,70,,4009,22,,,0,100,,4001,22,,,0,100,,4010,22,,,0,100,,4005,22,,,0,100,,3999,22,,,0,100,,4013,22,,,0
2200,'a265ba2f-b229-4c20-8469-04701c32ea40',603,,4032,22,,,0,100,,4026,22,,,0,100,,4023,22,,,0,100,,4042,22,,,0,100,,4040,22,,,0,30,,4038,22,,,0,70,,4047,22,,,0,30,,4027,22,,,0,70,,4037,22,,,0,30,,4043,22,,,0,70,,4028,22,,,0,30,,4030,22,,,0,70,,4031,22,,,0,30,,4029,22,,,0,70,,4045,22,,,0,30,,4024,22,,,0,70,,4035,22,,,0,30,,4044,22,,,0,70,,4039,22,,,0,30,,4025,22,,,0,70,,4041,22,,,0,100,,4046,22,,,0,100,,4034,22,,,0,100,,4033,22,,,0,100,,4036,22,,,0,100,,4048,22,,,0
2200,'b0e813df-b289-42c4-9332-a1e23c8f87f4',903,,4052,22,,,0,100,,4055,22,,,0,100,,4053,22,,,0,100,,4054,22,,,0,100,,4049,22,,,0,100,,4057,22,,,0,100,,4050,22,,,0,100,,4056,22,,,0,100,,4058,22,,,0,100,,4051,22,,,0
2200,'b666c188-406b-4a60-a896-e015a794e699',903,,4063,22,,,0,100,,4064,22,,,0,100,,4061,22,,,0,100,,4066,22,,,0,100,,4060,22,,,0,100,,4067,22,,,0,100,,4062,22,,,0,100,,4065,22,,,0,100,,4068,22,,,0,100,,4059,22,,,0
2200,'c27db234-c9a6-46aa-8ca1-f930e30efe20',903,,4072,22,,,0,100,,4076,22,,,0,100,,4077,22,,,0,100,,4071,22,,,0,100,,4075,22,,,0,100,,4078,22,,,0,100,,4070,22,,,0,100,,4069,22,,,0,100,,4074,22,,,0,100,,4073,22,,,0
