1400,'3d6616aa-5fe5-45d7-a5a7-de31dc5b5067',644,,3544,67,,,0,100,,3536,67,,,0,100,,3539,67,,,0,100,,3549,67,,,0,100,,3541,67,,,0,100,,3550,67,,,0,100,,3545,67,,,0,100,,3552,67,,,0,100,,3547,67,,,0,100,,3551,67,,,0,100,,3543,67,,,0,100,,3535,67,,,0,100,,3548,67,,,0,100,,3537,67,,,0,100,,3542,67,,,0,100,,3546,67,,,0,100,,3538,67,,,0,100,,3540,67,,,0
1400,'544cca2d-eb56-4497-a87c-6dfab9a47eff',644,,3569,67,,,0,100,,3565,67,,,0,100,,3557,67,,,0,100,,3567,67,,,0,100,,3570,67,,,0,100,,3554,67,,,0,100,,3559,67,,,0,100,,3562,67,,,0,100,,3553,67,,,0,100,,3568,67,,,0,100,,3563,67,,,0,100,,3558,67,,,0,100,,3560,67,,,0,100,,3566,67,,,0,100,,3561,67,,,0,100,,3555,67,,,0,100,,3556,67,,,0,100,,3564,67,,,0
1400,'990807e3-90f5-447e-ac49-3637a557f929',644,,3595,67,,,0,100,,3577,67,,,0,100,,3580,67,,,0,100,,3574,67,,,0,70,,3596,67,,,0,30,,3575,67,,,0,70,,3582,67,,,0,30,,3587,67,,,0,70,,3594,67,,,0,30,,3579,67,,,0,70,,3571,67,,,0,30,,3581,67,,,0,70,,3589,67,,,0,30,,3588,67,,,0,70,,3576,67,,,0,30,,3585,67,,,0,70,,3590,67,,,0,30,,3583,67,,,0,70,,3591,67,,,0,30,,3584,67,,,0,100,,3586,67,,,0,100,,3592,67,,,0,100,,3573,67,,,0,100,,3593,67,,,0,100,,3578,67,,,0,100,,3572,67,,,0
1400,'a265ba2f-b229-4c20-8469-04701c32ea40',644,,3617,67,,,0,100,,3615,67,,,0,100,,3621,67,,,0,100,,3603,67,,,0,70,,3604,67,,,0,30,,3597,67,,,0,70,,3608,67,,,0,30,,3616,67,,,0,70,,3611,67,,,0,30,,3600,67,,,0,70,,3612,67,,,0,30,,3601,67,,,0,70,,3610,67,,,0,30,,3622,67,,,0,70,,3614,67,,,0,30,,3599,67,,,0,70,,3618,67,,,0,30,,3606,67,,,0,70,,3620,67,,,0,30,,3598,67,,,0,100,,3609,67,,,0,100,,3613,67,,,0,100,,3619,67,,,0,100,,3607,67,,,0,100,,3602,67,,,0,100,,3605,67,,,0
1400,'b0e813df-b289-42c4-9332-a1e23c8f87f4',944,,3625,67,,,0,100,,3631,67,,,0,100,,3632,67,,,0,100,,3628,67,,,0,100,,3624,67,,,0,100,,3626,67,,,0,100,,3627,67,,,0,100,,3623,67,,,0,100,,3629,67,,,0,100,,3630,67,,,0
1400,'b666c188-406b-4a60-a896-e015a794e699',944,,3639,67,,,0,100,,3634,67,,,0,100,,3633,67,,,0,100,,3642,67,,,0,100,,3636,67,,,0,100,,3641,67,,,0,100,,3640,67,,,0,100,,3637,67,,,0,100,,3635,67,,,0,100,,3638,67,,,0
1400,'c27db234-c9a6-46aa-8ca1-f930e30efe20',944,,3651,67,,,0,100,,3645,67,,,0,100,,3649,67,,,0,100,,3647,67,,,0,100,,3643,67,,,0,100,,3644,67,,,0,100,,3648,67,,,0,100,,3652,67,,,0,100,,3646,67,,,0,100,,3650,67,,,0
2200,'3d6616aa-5fe5-45d7-a5a7-de31dc5b5067',609,,3941,58,,,0,30,,3943,58,,,0,70,,3951,58,,,0,30,,3966,58,,,0,70,,3949,58,,,0,30,,3942,58,,,0,70,,3953,58,,,0,30,,3940,58,,,0,70,,3946,58,,,0,30,,3965,58,,,0,70,,3959,58,,,0,30,,3957,58,,,0,70,,3961,58,,,0,30,,3962,58,,,0,70,,3947,58,,,0,30,,3954,58,,,0,70,,3960,58,,,0,30,,3964,58,,,0,70,,3939,58,,,0,30,,3952,58,,,0,70,,3938,58,,,0,30,,3944,58,,,0,70,,3937,58,,,0,30,,3958,58,,,0,70,,3955,58,,,0,100,,3950,58,,,0,100,,3956,58,,,0,100,,3948,58,,,0,100,,3963,58,,,0,100,,3945,58,,,0
2200,'544cca2d-eb56-4497-a87c-6dfab9a47eff',609,,3970,58,,,0,30,,3983,58,,,0,70,,3973,58,,,0,30,,3969,58,,,0,70,,3991,58,,,0,30,,3993,58,,,0,70,,3977,58,,,0,30,,3980,58,,,0,70,,3985,58,,,0,30,,3975,58,,,0,70,,3971,58,,,0,30,,3992,58,,,0,70,,3996,58,,,0,30,,3981,58,,,0,70,,3974,58,,,0,30,,3994,58,,,0,70,,3990,58,,,0,30,,3978,58,,,0,70,,3976,58,,,0,30,,3986,58,,,0,70,,3967,58,,,0,30,,3968,58,,,0,70,,3984,58,,,0,30,,3989,58,,,0,70,,3979,58,,,0,100,,3972,58,,,0,100,,3982,58,,,0,100,,3995,58,,,0,100,,3988,58,,,0,100,,3987,58,,,0
2200,'990807e3-90f5-447e-ac49-3637a557f929',609,,4006,58,,,0,100,,4021,58,,,0,100,,4022,58,,,0,100,,4004,58,,,0,100,,4011,58,,,0,30,,4019,58,,,0,70,,4020,58,,,0,30,,4017,58,,,0,70,,4000,58,,,0,30,,4012,58,,,0,70,,4018,58,,,0,30,,3997,58,,,0,70,,4007,58,,,0,30,,4008,58,,,0,70,,3998,58,,,0,30,,4003,58,,,0,70,,4015,58,,,0,30,,4002,58,,,0,70,,4014,58,,,0,30,,4016,58,,,0,70,,4009,58,,,0,100,,4001,58,,,0,100,,4010,58,,,0,100,,4005,58,,,0,100,,3999,58,,,0,100,,4013,58,,,0
2200,'a265ba2f-b229-4c20-8469-04701c32ea40',609,,4032,58,,,0,100,,4026,58,,,0,100,,4023,58,,,0,100,,4042,58,,,0,100,,4040,58,,,0,30,,4038,58,,,0,70,,4047,58,,,0,30,,4027,58,,,0,70,,4037,58,,,0,30,,4043,58,,,0,70,,4028,58,,,0,30,,4030,58,,,0,70,,4031,58,,,0,30,,4029,58,,,0,70,,4045,58,,,0,30,,4024,58,,,0,70,,4035,58,,,0,30,,4044,58,,,0,70,,4039,58,,,0,30,,4025,58,,,0,70,,4041,58,,,0,100,,4046,58,,,0,100,,4034,58,,,0,100,,4033,58,,,0,100,,4036,58,,,0,100,,4048,58,,,0
2200,'b0e813df-b289-42c4-9332-a1e23c8f87f4',909,,4052,58,,,0,100,,4055,58,,,0,100,,4053,58,,,0,100,,4054,58,,,0,100,,4049,58,,,0,100,,4057,58,,,0,100,,4050,58,,,0,100,,4056,58,,,0,100,,4058,58,,,0,100,,4051,58,,,0
2200,'b666c188-406b-4a60-a896-e015a794e699',909,,4063,58,,,0,100,,4064,58,,,0,100,,4061,58,,,0,100,,4066,58,,,0,100,,4060,58,,,0,100,,4067,58,,,0,100,,4062,58,,,0,100,,4065,58,,,0,100,,4068,58,,,0,100,,4059,58,,,0
2200,'c27db234-c9a6-46aa-8ca1-f930e30efe20',909,,4072,58,,,0,100,,4076,58,,,0,100,,4077,58,,,0,100,,4071,58,,,0,100,,4075,58,,,0,100,,4078,58,,,0,100,,4070,58,,,0,100,,4069,58,,,0,100,,4074,58,,,0,100,,4073,58,,,0
