1400,'3d6616aa-5fe5-45d7-a5a7-de31dc5b5067',630,,3544,5,,,0,100,,3536,5,,,0,100,,3539,5,,,0,100,,3549,5,,,0,100,,3541,5,,,0,100,,3550,5,,,0,100,,3545,5,,,0,100,,3552,5,,,0,100,,3547,5,,,0,100,,3551,5,,,0,100,,3543,5,,,0,100,,3535,5,,,0,100,,3548,5,,,0,100,,3537,5,,,0,100,,3542,5,,,0,100,,3546,5,,,0,100,,3538,5,,,0,100,,3540,5,,,0
1400,'544cca2d-eb56-4497-a87c-6dfab9a47eff',630,,3569,5,,,0,100,,3565,5,,,0,100,,3557,5,,,0,100,,3567,5,,,0,100,,3570,5,,,0,100,,3554,5,,,0,100,,3559,5,,,0,100,,3562,5,,,0,100,,3553,5,,,0,100,,3568,5,,,0,100,,3563,5,,,0,100,,3558,5,,,0,100,,3560,5,,,0,100,,3566,5,,,0,100,,3561,5,,,0,100,,3555,5,,,0,100,,3556,5,,,0,100,,3564,5,,,0
1400,'990807e3-90f5-447e-ac49-3637a557f929',630,,3595,5,,,0,100,,3577,5,,,0,100,,3580,5,,,0,100,,3574,5,,,0,70,,3596,5,,,0,30,,3575,5,,,0,70,,3582,5,,,0,30,,3587,5,,,0,70,,3594,5,,,0,30,,3579,5,,,0,70,,3571,5,,,0,30,,3581,5,,,0,70,,3589,5,,,0,30,,3588,5,,,0,70,,3576,5,,,0,30,,3585,5,,,0,70,,3590,5,,,0,30,,3583,5,,,0,70,,3591,5,,,0,30,,3584,5,,,0,100,,3586,5,,,0,100,,3592,5,,,0,100,,3573,5,,,0,100,,3593,5,,,0,100,,3578,5,,,0,100,,3572,5,,,0
1400,'a265ba2f-b229-4c20-8469-04701c32ea40',630,,3617,5,,,0,100,,3615,5,,,0,100,,3621,5,,,0,100,,3603,5,,,0,70,,3604,5,,,0,30,,3597,5,,,0,70,,3608,5,,,0,30,,3616,5,,,0,70,,3611,5,,,0,30,,3600,5,,,0,70,,3612,5,,,0,30,,3601,5,,,0,70,,3610,5,,,0,30,,3622,5,,,0,70,,3614,5,,,0,30,,3599,5,,,0,70,,3618,5,,,0,30,,3606,5,,,0,70,,3620,5,,,0,30,,3598,5,,,0,100,,3609,5,,,0,100,,3613,5,,,0,100,,3619,5,,,0,100,,3607,5,,,0,100,,3602,5,,,0,100,,3605,5,,,0
1400,'b0e813df-b289-42c4-9332-a1e23c8f87f4',930,,3625,5,,,0,100,,3631,5,,,0,100,,3632,5,,,0,100,,3628,5,,,0,100,,3624,5,,,0,100,,3626,5,,,0,100,,3627,5,,,0,100,,3623,5,,,0,100,,3629,5,,,0,100,,3630,5,,,0
1400,'b666c188-406b-4a60-a896-e015a794e699',930,,3639,5,,,0,100,,3634,5,,,0,100,,3633,5,,,0,100,,3642,5,,,0,100,,3636,5,,,0,100,,3641,5,,,0,100,,3640,5,,,0,100,,3637,5,,,0,100,,3635,5,,,0,100,,3638,5,,,0
1400,'c27db234-c9a6-46aa-8ca1-f930e30efe20',930,,3651,5,,,0,100,,3645,5,,,0,100,,3649,5,,,0,100,,3647,5,,,0,100,,3643,5,,,0,100,,3644,5,,,0,100,,3648,5,,,0,100,,3652,5,,,0,100,,3646,5,,,0,100,,3650,5,,,0
1500,'3d6616aa-5fe5-45d7-a5a7-de31dc5b5067',618,,3677,70,,,0,30,,3668,70,,,0,70,,3672,70,,,0,30,,3660,70,,,0,70,,3669,70,,,0,30,,3664,70,,,0,70,,3678,70,,,0,30,,3681,70,,,0,70,,3653,70,,,0,30,,3671,70,,,0,70,,3670,70,,,0,30,,3675,70,,,0,70,,3674,70,,,0,30,,3658,70,,,0,70,,3665,70,,,0,30,,3655,70,,,0,70,,3657,70,,,0,30,,3659,70,,,0,70,,3656,70,,,0,30,,3682,70,,,0,70,,3662,70,,,0,30,,3667,70,,,0,70,,3679,70,,,0,30,,3680,70,,,0,100,,3676,70,,,0,100,,3663,70,,,0,100,,3666,70,,,0,100,,3661,70,,,0,100,,3673,70,,,0,100,,3654,70,,,0
1500,'544cca2d-eb56-4497-a87c-6dfab9a47eff',618,,3711,70,,,0,30,,3688,70,,,0,70,,3696,70,,,0,30,,3701,70,,,0,70,,3699,70,,,0,30,,3707,70,,,0,70,,3697,70,,,0,30,,3704,70,,,0,70,,3690,70,,,0,30,,3712,70,,,0,70,,3686,70,,,0,30,,3684,70,,,0,70,,3698,70,,,0,30,,3695,70,,,0,70,,3694,70,,,0,30,,3687,70,,,0,70,,3692,70,,,0,30,,3709,70,,,0,70,,3689,70,,,0,30,,3691,70,,,0,70,,3700,70,,,0,30,,3693,70,,,0,70,,3706,70,,,0,30,,3703,70,,,0,100,,3702,70,,,0,100,,3683,70,,,0,100,,3708,70,,,0,100,,3685,70,,,0,100,,3705,70,,,0,100,,3710,70,,,0
1500,'990807e3-90f5-447e-ac49-3637a557f929',648,,3730,70,,,0,100,,3724,70,,,0,100,,3729,70,,,0,100,,3727,70,,,0,70,,3718,70,,,0,30,,3736,70,,,0,70,,3734,70,,,0,30,,3714,70,,,0,70,,3733,70,,,0,30,,3723,70,,,0,70,,3716,70,,,0,30,,3722,70,,,0,70,,3737,70,,,0,30,,3713,70,,,0,70,,3738,70,,,0,30,,3720,70,,,0,70,,3726,70,,,0,30,,3728,70,,,0,70,,3719,70,,,0,30,,3721,70,,,0,100,,3717,70,,,0,100,,3725,70,,,0,100,,3731,70,,,0,100,,3715,70,,,0,100,,3732,70,,,0,100,,3735,70,,,0
1500,'a265ba2f-b229-4c20-8469-04701c32ea40',648,,3745,70,,,0,100,,3752,70,,,0,100,,3756,70,,,0,100,,3739,70,,,0,70,,3750,70,,,0,30,,3754,70,,,0,70,,3744,70,,,0,30,,3759,70,,,0,70,,3755,70,,,0,30,,3746,70,,,0,70,,3751,70,,,0,30,,3760,70,,,0,70,,3762,70,,,0,30,,3748,70,,,0,70,,3753,70,,,0,30,,3747,70,,,0,70,,3763,70,,,0,30,,3761,70,,,0,70,,3742,70,,,0,30,,3758,70,,,0,100,,3749,70,,,0,100,,3740,70,,,0,100,,3757,70,,,0,100,,3741,70,,,0,100,,3764,70,,,0,100,,3743,70,,,0
1500,'b0e813df-b289-42c4-9332-a1e23c8f87f4',948,,3773,70,,,0,100,,3770,70,,,0,100,,3766,70,,,0,100,,3772,70,,,0,100,,3768,70,,,0,100,,3771,70,,,0,100,,3774,70,,,0,100,,3765,70,,,0,100,,3769,70,,,0,100,,3767,70,,,0
1500,'b666c188-406b-4a60-a896-e015a794e699',948,,3778,70,,,0,100,,3781,70,,,0,100,,3779,70,,,0,100,,3775,70,,,0,100,,3784,70,,,0,100,,3783,70,,,0,103,,3780,70,,,0,97,,3782,70,,,0,103,,3776,70,,,0,100,,3777,70,,,0
1500,'c27db234-c9a6-46aa-8ca1-f930e30efe20',948,,3794,70,,,0,100,,3786,70,,,0,100,,3788,70,,,0,100,,3791,70,,,0,100,,3790,70,,,0,100,,3785,70,,,0,100,,3793,70,,,0,100,,3787,70,,,0,100,,3789,70,,,0,100,,3792,70,,,0
