800,'3d6616aa-5fe5-45d7-a5a7-de31dc5b5067',604,,3426,17,,,0,100,,3418,17,,,0,100,,3431,17,,,0,100,,3417,17,,,0,100,,3430,17,,,0,30,,3424,17,,,0,70,,3438,17,,,0,30,,3436,17,,,0,70,,3425,17,,,0,30,,3421,17,,,0,70,,3437,17,,,0,30,,3420,17,,,0,70,,3435,17,,,0,30,,3419,17,,,0,70,,3432,17,,,0,30,,3441,17,,,0,70,,3428,17,,,0,30,,3427,17,,,0,70,,3433,17,,,0,30,,3423,17,,,0,70,,3439,17,,,0,100,,3422,17,,,0,100,,3440,17,,,0,100,,3429,17,,,0,100,,3442,17,,,0,100,,3434,17,,,0
800,'544cca2d-eb56-4497-a87c-6dfab9a47eff',604,,3451,17,,,0,100,,3452,17,,,0,100,,3464,17,,,0,100,,3465,17,,,0,100,,3445,17,,,0,30,,3461,17,,,0,70,,3456,17,,,0,30,,3453,17,,,0,70,,3466,17,,,0,30,,3463,17,,,0,70,,3467,17,,,0,30,,3462,17,,,0,70,,3447,17,,,0,30,,3459,17,,,0,70,,3454,17,,,0,30,,3460,17,,,0,70,,3457,17,,,0,30,,3446,17,,,0,70,,3443,17,,,0,30,,3444,17,,,0,70,,3449,17,,,0,100,,3468,17,,,0,100,,3455,17,,,0,100,,3458,17,,,0,100,,3448,17,,,0,100,,3450,17,,,0
800,'990807e3-90f5-447e-ac49-3637a557f929',604,,3477,17,,,0,100,,3483,17,,,0,100,,3475,17,,,0,100,,3472,17,,,0,100,,3486,17,,,0,100,,3474,17,,,0,100,,3473,17,,,0,100,,3471,17,,,0,100,,3478,17,,,0,100,,3480,17,,,0,100,,3485,17,,,0,100,,3482,17,,,0,100,,3481,17,,,0,100,,3479,17,,,0,100,,3470,17,,,0,100,,3469,17,,,0,100,,3476,17,,,0,100,,3484,17,,,0
800,'a265ba2f-b229-4c20-8469-04701c32ea40',604,,3496,17,,,0,100,,3503,17,,,0,100,,3491,17,,,0,100,,3487,17,,,0,100,,3494,17,,,0,100,,3497,17,,,0,100,,3493,17,,,0,100,,3489,17,,,0,100,,3504,17,,,0,100,,3498,17,,,0,100,,3495,17,,,0,100,,3488,17,,,0,100,,3501,17,,,0,100,,3500,17,,,0,100,,3492,17,,,0,100,,3502,17,,,0,100,,3499,17,,,0,100,,3490,17,,,0
800,'b0e813df-b289-42c4-9332-a1e23c8f87f4',904,,3514,17,,,0,100,,3507,17,,,0,100,,3508,17,,,0,100,,3513,17,,,0,100,,3512,17,,,0,100,,3511,17,,,0,100,,3506,17,,,0,100,,3505,17,,,0,100,,3510,17,,,0,100,,3509,17,,,0
800,'b666c188-406b-4a60-a896-e015a794e699',904,,3524,17,,,0,100,,3519,17,,,0,100,,3517,17,,,0,100,,3516,17,,,0,100,,3523,17,,,0,100,,3518,17,,,0,100,,3515,17,,,0,100,,3520,17,,,0,100,,3522,17,,,0,100,,3521,17,,,0
800,'c27db234-c9a6-46aa-8ca1-f930e30efe20',904,,3533,17,,,0,100,,3530,17,,,0,100,,3532,17,,,0,100,,3528,17,,,0,100,,3534,17,,,0,100,,3525,17,,,0,100,,3529,17,,,0,100,,3527,17,,,0,100,,3526,17,,,0,100,,3531,17,,,0
2200,'3d6616aa-5fe5-45d7-a5a7-de31dc5b5067',604,,3941,33,,,0,30,,3943,33,,,0,70,,3951,33,,,0,30,,3966,33,,,0,70,,3949,33,,,0,30,,3942,33,,,0,70,,3953,33,,,0,30,,3940,33,,,0,70,,3946,33,,,0,30,,3965,33,,,0,70,,3959,33,,,0,30,,3957,33,,,0,70,,3961,33,,,0,30,,3962,33,,,0,70,,3947,33,,,0,30,,3954,33,,,0,70,,3960,33,,,0,30,,3964,33,,,0,70,,3939,33,,,0,30,,3952,33,,,0,70,,3938,33,,,0,30,,3944,33,,,0,70,,3937,33,,,0,30,,3958,33,,,0,70,,3955,33,,,0,100,,3950,33,,,0,100,,3956,33,,,0,100,,3948,33,,,0,100,,3963,33,,,0,100,,3945,33,,,0
2200,'544cca2d-eb56-4497-a87c-6dfab9a47eff',604,,3970,33,,,0,30,,3983,33,,,0,70,,3973,33,,,0,30,,3969,33,,,0,70,,3991,33,,,0,30,,3993,33,,,0,70,,3977,33,,,0,30,,3980,33,,,0,70,,3985,33,,,0,30,,3975,33,,,0,70,,3971,33,,,0,30,,3992,33,,,0,70,,3996,33,,,0,30,,3981,33,,,0,70,,3974,33,,,0,30,,3994,33,,,0,70,,3990,33,,,0,30,,3978,33,,,0,70,,3976,33,,,0,30,,3986,33,,,0,70,,3967,33,,,0,30,,3968,33,,,0,70,,3984,33,,,0,30,,3989,33,,,0,70,,3979,33,,,0,100,,3972,33,,,0,100,,3982,33,,,0,100,,3995,33,,,0,100,,3988,33,,,0,100,,3987,33,,,0
2200,'990807e3-90f5-447e-ac49-3637a557f929',604,,4006,33,,,0,100,,4021,33,,,0,100,,4022,33,,,0,100,,4004,33,,,0,100,,4011,33,,,0,30,,4019,33,,,0,70,,4020,33,,,0,30,,4017,33,,,0,70,,4000,33,,,0,30,,4012,33,,,0,70,,4018,33,,,0,30,,3997,33,,,0,70,,4007,33,,,0,30,,4008,33,,,0,70,,3998,33,,,0,30,,4003,33,,,0,70,,4015,33,,,0,30,,4002,33,,,0,70,,4014,33,,,0,30,,4016,33,,,0,70,,4009,33,,,0,100,,4001,33,,,0,100,,4010,33,,,0,100,,4005,33,,,0,100,,3999,33,,,0,100,,4013,33,,,0
2200,'a265ba2f-b229-4c20-8469-04701c32ea40',604,,4032,33,,,0,100,,4026,33,,,0,100,,4023,33,,,0,100,,4042,33,,,0,100,,4040,33,,,0,30,,4038,33,,,0,70,,4047,33,,,0,30,,4027,33,,,0,70,,4037,33,,,0,30,,4043,33,,,0,70,,4028,33,,,0,30,,4030,33,,,0,70,,4031,33,,,0,30,,4029,33,,,0,70,,4045,33,,,0,30,,4024,33,,,0,70,,4035,33,,,0,30,,4044,33,,,0,70,,4039,33,,,0,30,,4025,33,,,0,70,,4041,33,,,0,100,,4046,33,,,0,100,,4034,33,,,0,100,,4033,33,,,0,100,,4036,33,,,0,100,,4048,33,,,0
2200,'b0e813df-b289-42c4-9332-a1e23c8f87f4',904,,4052,33,,,0,100,,4055,33,,,0,100,,4053,33,,,0,100,,4054,33,,,0,100,,4049,33,,,0,100,,4057,33,,,0,100,,4050,33,,,0,100,,4056,33,,,0,100,,4058,33,,,0,100,,4051,33,,,0
2200,'b666c188-406b-4a60-a896-e015a794e699',904,,4063,33,,,0,100,,4064,33,,,0,100,,4061,33,,,0,100,,4066,33,,,0,100,,4060,33,,,0,100,,4067,33,,,0,100,,4062,33,,,0,100,,4065,33,,,0,100,,4068,33,,,0,100,,4059,33,,,0
2200,'c27db234-c9a6-46aa-8ca1-f930e30efe20',904,,4072,33,,,0,100,,4076,33,,,0,100,,4077,33,,,0,100,,4071,33,,,0,100,,4075,33,,,0,100,,4078,33,,,0,100,,4070,33,,,0,100,,4069,33,,,0,100,,4074,33,,,0,100,,4073,33,,,0
