800,'3d6616aa-5fe5-45d7-a5a7-de31dc5b5067',603,,3426,14,,,0,100,,3418,14,,,0,100,,3431,14,,,0,100,,3417,14,,,0,100,,3430,14,,,0,30,,3424,14,,,0,70,,3438,14,,,0,30,,3436,14,,,0,70,,3425,14,,,0,30,,3421,14,,,0,70,,3437,14,,,0,30,,3420,14,,,0,70,,3435,14,,,0,30,,3419,14,,,0,70,,3432,14,,,0,30,,3441,14,,,0,70,,3428,14,,,0,30,,3427,14,,,0,70,,3433,14,,,0,30,,3423,14,,,0,70,,3439,14,,,0,100,,3422,14,,,0,100,,3440,14,,,0,100,,3429,14,,,0,100,,3442,14,,,0,100,,3434,14,,,0
800,'544cca2d-eb56-4497-a87c-6dfab9a47eff',603,,3451,14,,,0,100,,3452,14,,,0,100,,3464,14,,,0,100,,3465,14,,,0,100,,3445,14,,,0,30,,3461,14,,,0,70,,3456,14,,,0,30,,3453,14,,,0,70,,3466,14,,,0,30,,3463,14,,,0,70,,3467,14,,,0,30,,3462,14,,,0,70,,3447,14,,,0,30,,3459,14,,,0,70,,3454,14,,,0,30,,3460,14,,,0,70,,3457,14,,,0,30,,3446,14,,,0,70,,3443,14,,,0,30,,3444,14,,,0,70,,3449,14,,,0,100,,3468,14,,,0,100,,3455,14,,,0,100,,3458,14,,,0,100,,3448,14,,,0,100,,3450,14,,,0
800,'990807e3-90f5-447e-ac49-3637a557f929',603,,3477,14,,,0,100,,3483,14,,,0,100,,3475,14,,,0,100,,3472,14,,,0,100,,3486,14,,,0,100,,3474,14,,,0,100,,3473,14,,,0,100,,3471,14,,,0,100,,3478,14,,,0,100,,3480,14,,,0,100,,3485,14,,,0,100,,3482,14,,,0,100,,3481,14,,,0,100,,3479,14,,,0,100,,3470,14,,,0,100,,3469,14,,,0,100,,3476,14,,,0,100,,3484,14,,,0
800,'a265ba2f-b229-4c20-8469-04701c32ea40',603,,3496,14,,,0,100,,3503,14,,,0,100,,3491,14,,,0,100,,3487,14,,,0,100,,3494,14,,,0,100,,3497,14,,,0,100,,3493,14,,,0,100,,3489,14,,,0,100,,3504,14,,,0,100,,3498,14,,,0,100,,3495,14,,,0,100,,3488,14,,,0,100,,3501,14,,,0,100,,3500,14,,,0,100,,3492,14,,,0,100,,3502,14,,,0,100,,3499,14,,,0,100,,3490,14,,,0
800,'b0e813df-b289-42c4-9332-a1e23c8f87f4',903,,3514,14,,,0,100,,3507,14,,,0,100,,3508,14,,,0,100,,3513,14,,,0,100,,3512,14,,,0,100,,3511,14,,,0,100,,3506,14,,,0,100,,3505,14,,,0,100,,3510,14,,,0,100,,3509,14,,,0
800,'b666c188-406b-4a60-a896-e015a794e699',903,,3524,14,,,0,100,,3519,14,,,0,100,,3517,14,,,0,100,,3516,14,,,0,100,,3523,14,,,0,100,,3518,14,,,0,100,,3515,14,,,0,100,,3520,14,,,0,100,,3522,14,,,0,100,,3521,14,,,0
800,'c27db234-c9a6-46aa-8ca1-f930e30efe20',903,,3533,14,,,0,100,,3530,14,,,0,100,,3532,14,,,0,100,,3528,14,,,0,100,,3534,14,,,0,100,,3525,14,,,0,100,,3529,14,,,0,100,,3527,14,,,0,100,,3526,14,,,0,100,,3531,14,,,0
2200,'3d6616aa-5fe5-45d7-a5a7-de31dc5b5067',603,,3941,25,,,0,30,,3943,25,,,0,70,,3951,25,,,0,30,,3966,25,,,0,70,,3949,25,,,0,30,,3942,25,,,0,70,,3953,25,,,0,30,,3940,25,,,0,70,,3946,25,,,0,30,,3965,25,,,0,70,,3959,25,,,0,30,,3957,25,,,0,70,,3961,25,,,0,30,,3962,25,,,0,70,,3947,25,,,0,30,,3954,25,,,0,70,,3960,25,,,0,30,,3964,25,,,0,70,,3939,25,,,0,30,,3952,25,,,0,70,,3938,25,,,0,30,,3944,25,,,0,70,,3937,25,,,0,30,,3958,25,,,0,70,,3955,25,,,0,100,,3950,25,,,0,100,,3956,25,,,0,100,,3948,25,,,0,100,,3963,25,,,0,100,,3945,25,,,0
2200,'544cca2d-eb56-4497-a87c-6dfab9a47eff',603,,3970,25,,,0,30,,3983,25,,,0,70,,3973,25,,,0,30,,3969,25,,,0,70,,3991,25,,,0,30,,3993,25,,,0,70,,3977,25,,,0,30,,3980,25,,,0,70,,3985,25,,,0,30,,3975,25,,,0,70,,3971,25,,,0,30,,3992,25,,,0,70,,3996,25,,,0,30,,3981,25,,,0,70,,3974,25,,,0,30,,3994,25,,,0,70,,3990,25,,,0,30,,3978,25,,,0,70,,3976,25,,,0,30,,3986,25,,,0,70,,3967,25,,,0,30,,3968,25,,,0,70,,3984,25,,,0,30,,3989,25,,,0,70,,3979,25,,,0,100,,3972,25,,,0,100,,3982,25,,,0,100,,3995,25,,,0,100,,3988,25,,,0,100,,3987,25,,,0
2200,'990807e3-90f5-447e-ac49-3637a557f929',603,,4006,25,,,0,100,,4021,25,,,0,100,,4022,25,,,0,100,,4004,25,,,0,100,,4011,25,,,0,30,,4019,25,,,0,70,,4020,25,,,0,30,,4017,25,,,0,70,,4000,25,,,0,30,,4012,25,,,0,70,,4018,25,,,0,30,,3997,25,,,0,70,,4007,25,,,0,30,,4008,25,,,0,70,,3998,25,,,0,30,,4003,25,,,0,70,,4015,25,,,0,30,,4002,25,,,0,70,,4014,25,,,0,30,,4016,25,,,0,70,,4009,25,,,0,100,,4001,25,,,0,100,,4010,25,,,0,100,,4005,25,,,0,100,,3999,25,,,0,100,,4013,25,,,0
2200,'a265ba2f-b229-4c20-8469-04701c32ea40',603,,4032,25,,,0,100,,4026,25,,,0,100,,4023,25,,,0,100,,4042,25,,,0,100,,4040,25,,,0,30,,4038,25,,,0,70,,4047,25,,,0,30,,4027,25,,,0,70,,4037,25,,,0,30,,4043,25,,,0,70,,4028,25,,,0,30,,4030,25,,,0,70,,4031,25,,,0,30,,4029,25,,,0,70,,4045,25,,,0,30,,4024,25,,,0,70,,4035,25,,,0,30,,4044,25,,,0,70,,4039,25,,,0,30,,4025,25,,,0,70,,4041,25,,,0,100,,4046,25,,,0,100,,4034,25,,,0,100,,4033,25,,,0,100,,4036,25,,,0,100,,4048,25,,,0
2200,'b0e813df-b289-42c4-9332-a1e23c8f87f4',903,,4052,25,,,0,100,,4055,25,,,0,100,,4053,25,,,0,100,,4054,25,,,0,100,,4049,25,,,0,100,,4057,25,,,0,100,,4050,25,,,0,100,,4056,25,,,0,100,,4058,25,,,0,100,,4051,25,,,0
2200,'b666c188-406b-4a60-a896-e015a794e699',903,,4063,25,,,0,100,,4064,25,,,0,100,,4061,25,,,0,100,,4066,25,,,0,100,,4060,25,,,0,100,,4067,25,,,0,100,,4062,25,,,0,100,,4065,25,,,0,100,,4068,25,,,0,100,,4059,25,,,0
2200,'c27db234-c9a6-46aa-8ca1-f930e30efe20',903,,4072,25,,,0,100,,4076,25,,,0,100,,4077,25,,,0,100,,4071,25,,,0,100,,4075,25,,,0,100,,4078,25,,,0,100,,4070,25,,,0,100,,4069,25,,,0,100,,4074,25,,,0,100,,4073,25,,,0
