2200,'3d6616aa-5fe5-45d7-a5a7-de31dc5b5067',613,,3941,87,,,0,30,,3943,87,,,0,70,,3951,87,,,0,30,,3966,87,,,0,70,,3949,87,,,0,30,,3942,87,,,0,70,,3953,87,,,0,30,,3940,87,,,0,70,,3946,87,,,0,30,,3965,87,,,0,70,,3959,87,,,0,30,,3957,87,,,0,70,,3961,87,,,0,30,,3962,87,,,0,70,,3947,87,,,0,30,,3954,87,,,0,70,,3960,87,,,0,30,,3964,87,,,0,70,,3939,87,,,0,30,,3952,87,,,0,70,,3938,87,,,0,30,,3944,87,,,0,70,,3937,87,,,0,30,,3958,87,,,0,70,,3955,87,,,0,100,,3950,87,,,0,100,,3956,87,,,0,100,,3948,87,,,0,100,,3963,87,,,0,100,,3945,87,,,0
2200,'544cca2d-eb56-4497-a87c-6dfab9a47eff',613,,3970,87,,,0,30,,3983,87,,,0,70,,3973,87,,,0,30,,3969,87,,,0,70,,3991,87,,,0,30,,3993,87,,,0,70,,3977,87,,,0,30,,3980,87,,,0,70,,3985,87,,,0,30,,3975,87,,,0,70,,3971,87,,,0,30,,3992,87,,,0,70,,3996,87,,,0,30,,3981,87,,,0,70,,3974,87,,,0,30,,3994,87,,,0,70,,3990,87,,,0,30,,3978,87,,,0,70,,3976,87,,,0,30,,3986,87,,,0,70,,3967,87,,,0,30,,3968,87,,,0,70,,3984,87,,,0,30,,3989,87,,,0,70,,3979,87,,,0,100,,3972,87,,,0,100,,3982,87,,,0,100,,3995,87,,,0,100,,3988,87,,,0,100,,3987,87,,,0
2200,'990807e3-90f5-447e-ac49-3637a557f929',613,,4006,87,,,0,100,,4021,87,,,0,100,,4022,87,,,0,100,,4004,87,,,0,100,,4011,87,,,0,30,,4019,87,,,0,70,,4020,87,,,0,30,,4017,87,,,0,70,,4000,87,,,0,30,,4012,87,,,0,70,,4018,87,,,0,30,,3997,87,,,0,70,,4007,87,,,0,30,,4008,87,,,0,70,,3998,87,,,0,30,,4003,87,,,0,70,,4015,87,,,0,30,,4002,87,,,0,70,,4014,87,,,0,30,,4016,87,,,0,70,,4009,87,,,0,100,,4001,87,,,0,100,,4010,87,,,0,100,,4005,87,,,0,100,,3999,87,,,0,100,,4013,87,,,0
2200,'a265ba2f-b229-4c20-8469-04701c32ea40',613,,4032,87,,,0,100,,4026,87,,,0,100,,4023,87,,,0,100,,4042,87,,,0,100,,4040,87,,,0,30,,4038,87,,,0,70,,4047,87,,,0,30,,4027,87,,,0,70,,4037,87,,,0,30,,4043,87,,,0,70,,4028,87,,,0,30,,4030,87,,,0,70,,4031,87,,,0,30,,4029,87,,,0,70,,4045,87,,,0,30,,4024,87,,,0,70,,4035,87,,,0,30,,4044,87,,,0,70,,4039,87,,,0,30,,4025,87,,,0,70,,4041,87,,,0,100,,4046,87,,,0,100,,4034,87,,,0,100,,4033,87,,,0,100,,4036,87,,,0,100,,4048,87,,,0
2200,'b0e813df-b289-42c4-9332-a1e23c8f87f4',913,,4052,87,,,0,100,,4055,87,,,0,100,,4053,87,,,0,100,,4054,87,,,0,100,,4049,87,,,0,100,,4057,87,,,0,100,,4050,87,,,0,100,,4056,87,,,0,100,,4058,87,,,0,100,,4051,87,,,0
2200,'b666c188-406b-4a60-a896-e015a794e699',913,,4063,87,,,0,100,,4064,87,,,0,100,,4061,87,,,0,100,,4066,87,,,0,100,,4060,87,,,0,100,,4067,87,,,0,100,,4062,87,,,0,100,,4065,87,,,0,100,,4068,87,,,0,100,,4059,87,,,0
2200,'c27db234-c9a6-46aa-8ca1-f930e30efe20',913,,4072,87,,,0,100,,4076,87,,,0,100,,4077,87,,,0,100,,4071,87,,,0,100,,4075,87,,,0,100,,4078,87,,,0,100,,4070,87,,,0,100,,4069,87,,,0,100,,4074,87,,,0,100,,4073,87,,,0
100800,'3d6616aa-5fe5-45d7-a5a7-de31dc5b5067',2431,,4237,3,,,0
100800,'544cca2d-eb56-4497-a87c-6dfab9a47eff',2431,,4238,3,,,0
100900,'3d6616aa-5fe5-45d7-a5a7-de31dc5b5067',2544,,4239,3,,,0
100900,'544cca2d-eb56-4497-a87c-6dfab9a47eff',2544,,4240,3,,,0
