400,'3d6616aa-5fe5-45d7-a5a7-de31dc5b5067',631,,3183,10,,,0,100,,3184,10,,,0,100,,3182,10,,,0,100,,3181,10,,,0
400,'544cca2d-eb56-4497-a87c-6dfab9a47eff',631,,3187,10,,,0,100,,3186,10,,,0,100,,3185,10,,,0,100,,3188,10,,,0
401,'3d6616aa-5fe5-45d7-a5a7-de31dc5b5067',1001,,3203,10,,,0,30,,3198,10,,,0,70,,3210,10,,,0,30,,3208,10,,,0,70,,3192,10,,,0,30,,3202,10,,,0,70,,3200,10,,,0,30,,3199,10,,,0,70,,3206,10,,,0,30,,3196,10,,,0,70,,3194,10,,,0,30,,3207,10,,,0,70,,3193,10,,,0,30,,3190,10,,,0,70,,3191,10,,,0,30,,3205,10,,,0,100,,3204,10,,,0,100,,3189,10,,,0,100,,3195,10,,,0,100,,3201,10,,,0,100,,3197,10,,,0,100,,3209,10,,,0
401,'544cca2d-eb56-4497-a87c-6dfab9a47eff',1001,,3230,10,,,0,30,,3218,10,,,0,70,,3214,10,,,0,30,,3228,10,,,0,70,,3220,10,,,0,30,,3211,10,,,0,70,,3225,10,,,0,30,,3226,10,,,0,70,,3216,10,,,0,30,,3212,10,,,0,70,,3222,10,,,0,30,,3227,10,,,0,70,,3223,10,,,0,30,,3224,10,,,0,70,,3231,10,,,0,30,,3217,10,,,0,100,,3229,10,,,0,100,,3219,10,,,0,100,,3221,10,,,0,100,,3213,10,,,0,100,,3232,10,,,0,100,,3215,10,,,0
401,'990807e3-90f5-447e-ac49-3637a557f929',631,,3236,10,,,0,100,,3249,10,,,0,100,,3250,10,,,0,100,,3234,10,,,0,100,,3241,10,,,0,100,,3242,10,,,0,100,,3239,10,,,0,100,,3238,10,,,0,100,,3247,10,,,0,100,,3237,10,,,0,100,,3243,10,,,0,100,,3244,10,,,0,100,,3233,10,,,0,100,,3240,10,,,0,100,,3246,10,,,0,100,,3245,10,,,0,100,,3235,10,,,0,100,,3248,10,,,0
401,'a265ba2f-b229-4c20-8469-04701c32ea40',631,,3255,10,,,0,100,,3258,10,,,0,100,,3263,10,,,0,100,,3254,10,,,0,100,,3260,10,,,0,100,,3264,10,,,0,100,,3267,10,,,0,100,,3259,10,,,0,100,,3266,10,,,0,100,,3257,10,,,0,100,,3265,10,,,0,100,,3256,10,,,0,100,,3268,10,,,0,100,,3262,10,,,0,100,,3253,10,,,0,100,,3252,10,,,0,100,,3251,10,,,0,100,,3261,10,,,0
401,'b0e813df-b289-42c4-9332-a1e23c8f87f4',931,,3272,10,,,0,100,,3275,10,,,0,100,,3269,10,,,0,100,,3270,10,,,0,100,,3276,10,,,0,100,,3277,10,,,0,100,,3273,10,,,0,100,,3271,10,,,0,100,,3274,10,,,0,100,,3278,10,,,0
401,'b666c188-406b-4a60-a896-e015a794e699',931,,3288,10,,,0,100,,3279,10,,,0,100,,3286,10,,,0,100,,3280,10,,,0,100,,3284,10,,,0,100,,3285,10,,,0,100,,3282,10,,,0,100,,3283,10,,,0,100,,3287,10,,,0,100,,3281,10,,,0
401,'c27db234-c9a6-46aa-8ca1-f930e30efe20',931,,3290,10,,,0,100,,3291,10,,,0,100,,3297,10,,,0,100,,3298,10,,,0,100,,3293,10,,,0,100,,3292,10,,,0,100,,3296,10,,,0,100,,3295,10,,,0,100,,3294,10,,,0,100,,3289,10,,,0
800,'3d6616aa-5fe5-45d7-a5a7-de31dc5b5067',602,,3426,11,,,0,100,,3418,11,,,0,100,,3431,11,,,0,100,,3417,11,,,0,100,,3430,11,,,0,30,,3424,11,,,0,70,,3438,11,,,0,30,,3436,11,,,0,70,,3425,11,,,0,30,,3421,11,,,0,70,,3437,11,,,0,30,,3420,11,,,0,70,,3435,11,,,0,30,,3419,11,,,0,70,,3432,11,,,0,30,,3441,11,,,0,70,,3428,11,,,0,30,,3427,11,,,0,70,,3433,11,,,0,30,,3423,11,,,0,70,,3439,11,,,0,100,,3422,11,,,0,100,,3440,11,,,0,100,,3429,11,,,0,100,,3442,11,,,0,100,,3434,11,,,0
800,'544cca2d-eb56-4497-a87c-6dfab9a47eff',602,,3451,11,,,0,100,,3452,11,,,0,100,,3464,11,,,0,100,,3465,11,,,0,100,,3445,11,,,0,30,,3461,11,,,0,70,,3456,11,,,0,30,,3453,11,,,0,70,,3466,11,,,0,30,,3463,11,,,0,70,,3467,11,,,0,30,,3462,11,,,0,70,,3447,11,,,0,30,,3459,11,,,0,70,,3454,11,,,0,30,,3460,11,,,0,70,,3457,11,,,0,30,,3446,11,,,0,70,,3443,11,,,0,30,,3444,11,,,0,70,,3449,11,,,0,100,,3468,11,,,0,100,,3455,11,,,0,100,,3458,11,,,0,100,,3448,11,,,0,100,,3450,11,,,0
800,'990807e3-90f5-447e-ac49-3637a557f929',602,,3477,11,,,0,100,,3483,11,,,0,100,,3475,11,,,0,100,,3472,11,,,0,100,,3486,11,,,0,100,,3474,11,,,0,100,,3473,11,,,0,100,,3471,11,,,0,100,,3478,11,,,0,100,,3480,11,,,0,100,,3485,11,,,0,100,,3482,11,,,0,100,,3481,11,,,0,100,,3479,11,,,0,100,,3470,11,,,0,100,,3469,11,,,0,100,,3476,11,,,0,100,,3484,11,,,0
800,'a265ba2f-b229-4c20-8469-04701c32ea40',602,,3496,11,,,0,100,,3503,11,,,0,100,,3491,11,,,0,100,,3487,11,,,0,100,,3494,11,,,0,100,,3497,11,,,0,100,,3493,11,,,0,100,,3489,11,,,0,100,,3504,11,,,0,100,,3498,11,,,0,100,,3495,11,,,0,100,,3488,11,,,0,100,,3501,11,,,0,100,,3500,11,,,0,100,,3492,11,,,0,100,,3502,11,,,0,100,,3499,11,,,0,100,,3490,11,,,0
800,'b0e813df-b289-42c4-9332-a1e23c8f87f4',902,,3514,11,,,0,100,,3507,11,,,0,100,,3508,11,,,0,100,,3513,11,,,0,100,,3512,11,,,0,100,,3511,11,,,0,100,,3506,11,,,0,100,,3505,11,,,0,100,,3510,11,,,0,100,,3509,11,,,0
800,'b666c188-406b-4a60-a896-e015a794e699',902,,3524,11,,,0,100,,3519,11,,,0,100,,3517,11,,,0,100,,3516,11,,,0,100,,3523,11,,,0,100,,3518,11,,,0,100,,3515,11,,,0,100,,3520,11,,,0,100,,3522,11,,,0,100,,3521,11,,,0
800,'c27db234-c9a6-46aa-8ca1-f930e30efe20',902,,3533,11,,,0,100,,3530,11,,,0,100,,3532,11,,,0,100,,3528,11,,,0,100,,3534,11,,,0,100,,3525,11,,,0,100,,3529,11,,,0,100,,3527,11,,,0,100,,3526,11,,,0,100,,3531,11,,,0
2200,'3d6616aa-5fe5-45d7-a5a7-de31dc5b5067',602,,3941,18,,,0,30,,3943,18,,,0,70,,3951,18,,,0,30,,3966,18,,,0,70,,3949,18,,,0,30,,3942,18,,,0,70,,3953,18,,,0,30,,3940,18,,,0,70,,3946,18,,,0,30,,3965,18,,,0,70,,3959,18,,,0,30,,3957,18,,,0,70,,3961,18,,,0,30,,3962,18,,,0,70,,3947,18,,,0,30,,3954,18,,,0,70,,3960,18,,,0,30,,3964,18,,,0,70,,3939,18,,,0,30,,3952,18,,,0,70,,3938,18,,,0,30,,3944,18,,,0,70,,3937,18,,,0,30,,3958,18,,,0,70,,3955,18,,,0,100,,3950,18,,,0,100,,3956,18,,,0,100,,3948,18,,,0,100,,3963,18,,,0,100,,3945,18,,,0
2200,'544cca2d-eb56-4497-a87c-6dfab9a47eff',602,,3970,18,,,0,30,,3983,18,,,0,70,,3973,18,,,0,30,,3969,18,,,0,70,,3991,18,,,0,30,,3993,18,,,0,70,,3977,18,,,0,30,,3980,18,,,0,70,,3985,18,,,0,30,,3975,18,,,0,70,,3971,18,,,0,30,,3992,18,,,0,70,,3996,18,,,0,30,,3981,18,,,0,70,,3974,18,,,0,30,,3994,18,,,0,70,,3990,18,,,0,30,,3978,18,,,0,70,,3976,18,,,0,30,,3986,18,,,0,70,,3967,18,,,0,30,,3968,18,,,0,70,,3984,18,,,0,30,,3989,18,,,0,70,,3979,18,,,0,100,,3972,18,,,0,100,,3982,18,,,0,100,,3995,18,,,0,100,,3988,18,,,0,100,,3987,18,,,0
2200,'990807e3-90f5-447e-ac49-3637a557f929',602,,4006,18,,,0,100,,4021,18,,,0,100,,4022,18,,,0,100,,4004,18,,,0,100,,4011,18,,,0,30,,4019,18,,,0,70,,4020,18,,,0,30,,4017,18,,,0,70,,4000,18,,,0,30,,4012,18,,,0,70,,4018,18,,,0,30,,3997,18,,,0,70,,4007,18,,,0,30,,4008,18,,,0,70,,3998,18,,,0,30,,4003,18,,,0,70,,4015,18,,,0,30,,4002,18,,,0,70,,4014,18,,,0,30,,4016,18,,,0,70,,4009,18,,,0,100,,4001,18,,,0,100,,4010,18,,,0,100,,4005,18,,,0,100,,3999,18,,,0,100,,4013,18,,,0
2200,'a265ba2f-b229-4c20-8469-04701c32ea40',602,,4032,18,,,0,100,,4026,18,,,0,100,,4023,18,,,0,100,,4042,18,,,0,100,,4040,18,,,0,30,,4038,18,,,0,70,,4047,18,,,0,30,,4027,18,,,0,70,,4037,18,,,0,30,,4043,18,,,0,70,,4028,18,,,0,30,,4030,18,,,0,70,,4031,18,,,0,30,,4029,18,,,0,70,,4045,18,,,0,30,,4024,18,,,0,70,,4035,18,,,0,30,,4044,18,,,0,70,,4039,18,,,0,30,,4025,18,,,0,70,,4041,18,,,0,100,,4046,18,,,0,100,,4034,18,,,0,100,,4033,18,,,0,100,,4036,18,,,0,100,,4048,18,,,0
2200,'b0e813df-b289-42c4-9332-a1e23c8f87f4',902,,4052,18,,,0,100,,4055,18,,,0,100,,4053,18,,,0,100,,4054,18,,,0,100,,4049,18,,,0,100,,4057,18,,,0,100,,4050,18,,,0,100,,4056,18,,,0,100,,4058,18,,,0,100,,4051,18,,,0
2200,'b666c188-406b-4a60-a896-e015a794e699',902,,4063,18,,,0,100,,4064,18,,,0,100,,4061,18,,,0,100,,4066,18,,,0,100,,4060,18,,,0,100,,4067,18,,,0,100,,4062,18,,,0,100,,4065,18,,,0,100,,4068,18,,,0,100,,4059,18,,,0
2200,'c27db234-c9a6-46aa-8ca1-f930e30efe20',902,,4072,18,,,0,100,,4076,18,,,0,100,,4077,18,,,0,100,,4071,18,,,0,100,,4075,18,,,0,100,,4078,18,,,0,100,,4070,18,,,0,100,,4069,18,,,0,100,,4074,18,,,0,100,,4073,18,,,0
