100100,'3d6616aa-5fe5-45d7-a5a7-de31dc5b5067',612,,4221,93,4,,0
100100,'544cca2d-eb56-4497-a87c-6dfab9a47eff',612,,4222,93,4,,0
100300,'3d6616aa-5fe5-45d7-a5a7-de31dc5b5067',1415,,4226,14,,,0,30,,4223,14,,,0,70,,4224,14,,,0,30,,4227,14,,,0,70,,4225,14,,,0
100300,'544cca2d-eb56-4497-a87c-6dfab9a47eff',1415,,4228,14,,,0,30,,4229,14,,,0,70,,4231,14,,,0,30,,4230,14,,,0,70,,4232,14,,,0
100400,'3d6616aa-5fe5-45d7-a5a7-de31dc5b5067',612,,4233,0,,,0,30,,4233,32,4,,0
100400,'544cca2d-eb56-4497-a87c-6dfab9a47eff',612,,4234,0,,,0,30,,4234,32,4,,0
100401,'3d6616aa-5fe5-45d7-a5a7-de31dc5b5067',612,,4235,66,4,,0
100401,'544cca2d-eb56-4497-a87c-6dfab9a47eff',612,,4236,66,4,,0
100800,'3d6616aa-5fe5-45d7-a5a7-de31dc5b5067',2401,,4237,0,,,0,99,,4237,4,4,,0
100800,'544cca2d-eb56-4497-a87c-6dfab9a47eff',2401,,4238,0,,,0,99,,4238,4,4,,0
100900,'3d6616aa-5fe5-45d7-a5a7-de31dc5b5067',2515,,4239,0,,,0
100900,'544cca2d-eb56-4497-a87c-6dfab9a47eff',2515,,4240,0,,,0
