800,'3d6616aa-5fe5-45d7-a5a7-de31dc5b5067',603,,3426,15,,,0,100,,3418,15,,,0,100,,3431,15,,,0,100,,3417,15,,,0,100,,3430,15,,,0,30,,3424,15,,,0,70,,3438,15,,,0,30,,3436,15,,,0,70,,3425,15,,,0,30,,3421,15,,,0,70,,3437,15,,,0,30,,3420,15,,,0,70,,3435,15,,,0,30,,3419,15,,,0,70,,3432,15,,,0,30,,3441,15,,,0,70,,3428,15,,,0,30,,3427,15,,,0,70,,3433,15,,,0,30,,3423,15,,,0,70,,3439,15,,,0,100,,3422,15,,,0,100,,3440,15,,,0,100,,3429,15,,,0,100,,3442,15,,,0,100,,3434,15,,,0
800,'544cca2d-eb56-4497-a87c-6dfab9a47eff',603,,3451,15,,,0,100,,3452,15,,,0,100,,3464,15,,,0,100,,3465,15,,,0,100,,3445,15,,,0,30,,3461,15,,,0,70,,3456,15,,,0,30,,3453,15,,,0,70,,3466,15,,,0,30,,3463,15,,,0,70,,3467,15,,,0,30,,3462,15,,,0,70,,3447,15,,,0,30,,3459,15,,,0,70,,3454,15,,,0,30,,3460,15,,,0,70,,3457,15,,,0,30,,3446,15,,,0,70,,3443,15,,,0,30,,3444,15,,,0,70,,3449,15,,,0,100,,3468,15,,,0,100,,3455,15,,,0,100,,3458,15,,,0,100,,3448,15,,,0,100,,3450,15,,,0
800,'990807e3-90f5-447e-ac49-3637a557f929',603,,3477,15,,,0,100,,3483,15,,,0,100,,3475,15,,,0,100,,3472,15,,,0,100,,3486,15,,,0,100,,3474,15,,,0,100,,3473,15,,,0,100,,3471,15,,,0,100,,3478,15,,,0,100,,3480,15,,,0,100,,3485,15,,,0,100,,3482,15,,,0,100,,3481,15,,,0,100,,3479,15,,,0,100,,3470,15,,,0,100,,3469,15,,,0,100,,3476,15,,,0,100,,3484,15,,,0
800,'a265ba2f-b229-4c20-8469-04701c32ea40',603,,3496,15,,,0,100,,3503,15,,,0,100,,3491,15,,,0,100,,3487,15,,,0,100,,3494,15,,,0,100,,3497,15,,,0,100,,3493,15,,,0,100,,3489,15,,,0,100,,3504,15,,,0,100,,3498,15,,,0,100,,3495,15,,,0,100,,3488,15,,,0,100,,3501,15,,,0,100,,3500,15,,,0,100,,3492,15,,,0,100,,3502,15,,,0,100,,3499,15,,,0,100,,3490,15,,,0
800,'b0e813df-b289-42c4-9332-a1e23c8f87f4',903,,3514,15,,,0,100,,3507,15,,,0,100,,3508,15,,,0,100,,3513,15,,,0,100,,3512,15,,,0,100,,3511,15,,,0,100,,3506,15,,,0,100,,3505,15,,,0,100,,3510,15,,,0,100,,3509,15,,,0
800,'b666c188-406b-4a60-a896-e015a794e699',903,,3524,15,,,0,100,,3519,15,,,0,100,,3517,15,,,0,100,,3516,15,,,0,100,,3523,15,,,0,100,,3518,15,,,0,100,,3515,15,,,0,100,,3520,15,,,0,100,,3522,15,,,0,100,,3521,15,,,0
800,'c27db234-c9a6-46aa-8ca1-f930e30efe20',903,,3533,15,,,0,100,,3530,15,,,0,100,,3532,15,,,0,100,,3528,15,,,0,100,,3534,15,,,0,100,,3525,15,,,0,100,,3529,15,,,0,100,,3527,15,,,0,100,,3526,15,,,0,100,,3531,15,,,0
2200,'3d6616aa-5fe5-45d7-a5a7-de31dc5b5067',603,,3941,28,,,0,30,,3943,28,,,0,70,,3951,28,,,0,30,,3966,28,,,0,70,,3949,28,,,0,30,,3942,28,,,0,70,,3953,28,,,0,30,,3940,28,,,0,70,,3946,28,,,0,30,,3965,28,,,0,70,,3959,28,,,0,30,,3957,28,,,0,70,,3961,28,,,0,30,,3962,28,,,0,70,,3947,28,,,0,30,,3954,28,,,0,70,,3960,28,,,0,30,,3964,28,,,0,70,,3939,28,,,0,30,,3952,28,,,0,70,,3938,28,,,0,30,,3944,28,,,0,70,,3937,28,,,0,30,,3958,28,,,0,70,,3955,28,,,0,100,,3950,28,,,0,100,,3956,28,,,0,100,,3948,28,,,0,100,,3963,28,,,0,100,,3945,28,,,0
2200,'544cca2d-eb56-4497-a87c-6dfab9a47eff',603,,3970,28,,,0,30,,3983,28,,,0,70,,3973,28,,,0,30,,3969,28,,,0,70,,3991,28,,,0,30,,3993,28,,,0,70,,3977,28,,,0,30,,3980,28,,,0,70,,3985,28,,,0,30,,3975,28,,,0,70,,3971,28,,,0,30,,3992,28,,,0,70,,3996,28,,,0,30,,3981,28,,,0,70,,3974,28,,,0,30,,3994,28,,,0,70,,3990,28,,,0,30,,3978,28,,,0,70,,3976,28,,,0,30,,3986,28,,,0,70,,3967,28,,,0,30,,3968,28,,,0,70,,3984,28,,,0,30,,3989,28,,,0,70,,3979,28,,,0,100,,3972,28,,,0,100,,3982,28,,,0,100,,3995,28,,,0,100,,3988,28,,,0,100,,3987,28,,,0
2200,'990807e3-90f5-447e-ac49-3637a557f929',603,,4006,28,,,0,100,,4021,28,,,0,100,,4022,28,,,0,100,,4004,28,,,0,100,,4011,28,,,0,30,,4019,28,,,0,70,,4020,28,,,0,30,,4017,28,,,0,70,,4000,28,,,0,30,,4012,28,,,0,70,,4018,28,,,0,30,,3997,28,,,0,70,,4007,28,,,0,30,,4008,28,,,0,70,,3998,28,,,0,30,,4003,28,,,0,70,,4015,28,,,0,30,,4002,28,,,0,70,,4014,28,,,0,30,,4016,28,,,0,70,,4009,28,,,0,100,,4001,28,,,0,100,,4010,28,,,0,100,,4005,28,,,0,100,,3999,28,,,0,100,,4013,28,,,0
2200,'a265ba2f-b229-4c20-8469-04701c32ea40',603,,4032,28,,,0,100,,4026,28,,,0,100,,4023,28,,,0,100,,4042,28,,,0,100,,4040,28,,,0,30,,4038,28,,,0,70,,4047,28,,,0,30,,4027,28,,,0,70,,4037,28,,,0,30,,4043,28,,,0,70,,4028,28,,,0,30,,4030,28,,,0,70,,4031,28,,,0,30,,4029,28,,,0,70,,4045,28,,,0,30,,4024,28,,,0,70,,4035,28,,,0,30,,4044,28,,,0,70,,4039,28,,,0,30,,4025,28,,,0,70,,4041,28,,,0,100,,4046,28,,,0,100,,4034,28,,,0,100,,4033,28,,,0,100,,4036,28,,,0,100,,4048,28,,,0
2200,'b0e813df-b289-42c4-9332-a1e23c8f87f4',903,,4052,28,,,0,100,,4055,28,,,0,100,,4053,28,,,0,100,,4054,28,,,0,100,,4049,28,,,0,100,,4057,28,,,0,100,,4050,28,,,0,100,,4056,28,,,0,100,,4058,28,,,0,100,,4051,28,,,0
2200,'b666c188-406b-4a60-a896-e015a794e699',903,,4063,28,,,0,100,,4064,28,,,0,100,,4061,28,,,0,100,,4066,28,,,0,100,,4060,28,,,0,100,,4067,28,,,0,100,,4062,28,,,0,100,,4065,28,,,0,100,,4068,28,,,0,100,,4059,28,,,0
2200,'c27db234-c9a6-46aa-8ca1-f930e30efe20',903,,4072,28,,,0,100,,4076,28,,,0,100,,4077,28,,,0,100,,4071,28,,,0,100,,4075,28,,,0,100,,4078,28,,,0,100,,4070,28,,,0,100,,4069,28,,,0,100,,4074,28,,,0,100,,4073,28,,,0
