1400,'3d6616aa-5fe5-45d7-a5a7-de31dc5b5067',643,,3544,66,,,0,100,,3536,66,,,0,100,,3539,66,,,0,100,,3549,66,,,0,100,,3541,66,,,0,100,,3550,66,,,0,100,,3545,66,,,0,100,,3552,66,,,0,100,,3547,66,,,0,100,,3551,66,,,0,100,,3543,66,,,0,100,,3535,66,,,0,100,,3548,66,,,0,100,,3537,66,,,0,100,,3542,66,,,0,100,,3546,66,,,0,100,,3538,66,,,0,100,,3540,66,,,0
1400,'544cca2d-eb56-4497-a87c-6dfab9a47eff',643,,3569,66,,,0,100,,3565,66,,,0,100,,3557,66,,,0,100,,3567,66,,,0,100,,3570,66,,,0,100,,3554,66,,,0,100,,3559,66,,,0,100,,3562,66,,,0,100,,3553,66,,,0,100,,3568,66,,,0,100,,3563,66,,,0,100,,3558,66,,,0,100,,3560,66,,,0,100,,3566,66,,,0,100,,3561,66,,,0,100,,3555,66,,,0,100,,3556,66,,,0,100,,3564,66,,,0
1400,'990807e3-90f5-447e-ac49-3637a557f929',643,,3595,66,,,0,100,,3577,66,,,0,100,,3580,66,,,0,100,,3574,66,,,0,70,,3596,66,,,0,30,,3575,66,,,0,70,,3582,66,,,0,30,,3587,66,,,0,70,,3594,66,,,0,30,,3579,66,,,0,70,,3571,66,,,0,30,,3581,66,,,0,70,,3589,66,,,0,30,,3588,66,,,0,70,,3576,66,,,0,30,,3585,66,,,0,70,,3590,66,,,0,30,,3583,66,,,0,70,,3591,66,,,0,30,,3584,66,,,0,100,,3586,66,,,0,100,,3592,66,,,0,100,,3573,66,,,0,100,,3593,66,,,0,100,,3578,66,,,0,100,,3572,66,,,0
1400,'a265ba2f-b229-4c20-8469-04701c32ea40',643,,3617,66,,,0,100,,3615,66,,,0,100,,3621,66,,,0,100,,3603,66,,,0,70,,3604,66,,,0,30,,3597,66,,,0,70,,3608,66,,,0,30,,3616,66,,,0,70,,3611,66,,,0,30,,3600,66,,,0,70,,3612,66,,,0,30,,3601,66,,,0,70,,3610,66,,,0,30,,3622,66,,,0,70,,3614,66,,,0,30,,3599,66,,,0,70,,3618,66,,,0,30,,3606,66,,,0,70,,3620,66,,,0,30,,3598,66,,,0,100,,3609,66,,,0,100,,3613,66,,,0,100,,3619,66,,,0,100,,3607,66,,,0,100,,3602,66,,,0,100,,3605,66,,,0
1400,'b0e813df-b289-42c4-9332-a1e23c8f87f4',943,,3625,66,,,0,100,,3631,66,,,0,100,,3632,66,,,0,100,,3628,66,,,0,100,,3624,66,,,0,100,,3626,66,,,0,100,,3627,66,,,0,100,,3623,66,,,0,100,,3629,66,,,0,100,,3630,66,,,0
1400,'b666c188-406b-4a60-a896-e015a794e699',943,,3639,66,,,0,100,,3634,66,,,0,100,,3633,66,,,0,100,,3642,66,,,0,100,,3636,66,,,0,100,,3641,66,,,0,100,,3640,66,,,0,100,,3637,66,,,0,100,,3635,66,,,0,100,,3638,66,,,0
1400,'c27db234-c9a6-46aa-8ca1-f930e30efe20',943,,3651,66,,,0,100,,3645,66,,,0,100,,3649,66,,,0,100,,3647,66,,,0,100,,3643,66,,,0,100,,3644,66,,,0,100,,3648,66,,,0,100,,3652,66,,,0,100,,3646,66,,,0,100,,3650,66,,,0
2200,'3d6616aa-5fe5-45d7-a5a7-de31dc5b5067',608,,3941,55,,,0,30,,3943,55,,,0,70,,3951,55,,,0,30,,3966,55,,,0,70,,3949,55,,,0,30,,3942,55,,,0,70,,3953,55,,,0,30,,3940,55,,,0,70,,3946,55,,,0,30,,3965,55,,,0,70,,3959,55,,,0,30,,3957,55,,,0,70,,3961,55,,,0,30,,3962,55,,,0,70,,3947,55,,,0,30,,3954,55,,,0,70,,3960,55,,,0,30,,3964,55,,,0,70,,3939,55,,,0,30,,3952,55,,,0,70,,3938,55,,,0,30,,3944,55,,,0,70,,3937,55,,,0,30,,3958,55,,,0,70,,3955,55,,,0,100,,3950,55,,,0,100,,3956,55,,,0,100,,3948,55,,,0,100,,3963,55,,,0,100,,3945,55,,,0
2200,'544cca2d-eb56-4497-a87c-6dfab9a47eff',608,,3970,55,,,0,30,,3983,55,,,0,70,,3973,55,,,0,30,,3969,55,,,0,70,,3991,55,,,0,30,,3993,55,,,0,70,,3977,55,,,0,30,,3980,55,,,0,70,,3985,55,,,0,30,,3975,55,,,0,70,,3971,55,,,0,30,,3992,55,,,0,70,,3996,55,,,0,30,,3981,55,,,0,70,,3974,55,,,0,30,,3994,55,,,0,70,,3990,55,,,0,30,,3978,55,,,0,70,,3976,55,,,0,30,,3986,55,,,0,70,,3967,55,,,0,30,,3968,55,,,0,70,,3984,55,,,0,30,,3989,55,,,0,70,,3979,55,,,0,100,,3972,55,,,0,100,,3982,55,,,0,100,,3995,55,,,0,100,,3988,55,,,0,100,,3987,55,,,0
2200,'990807e3-90f5-447e-ac49-3637a557f929',608,,4006,55,,,0,100,,4021,55,,,0,100,,4022,55,,,0,100,,4004,55,,,0,100,,4011,55,,,0,30,,4019,55,,,0,70,,4020,55,,,0,30,,4017,55,,,0,70,,4000,55,,,0,30,,4012,55,,,0,70,,4018,55,,,0,30,,3997,55,,,0,70,,4007,55,,,0,30,,4008,55,,,0,70,,3998,55,,,0,30,,4003,55,,,0,70,,4015,55,,,0,30,,4002,55,,,0,70,,4014,55,,,0,30,,4016,55,,,0,70,,4009,55,,,0,100,,4001,55,,,0,100,,4010,55,,,0,100,,4005,55,,,0,100,,3999,55,,,0,100,,4013,55,,,0
2200,'a265ba2f-b229-4c20-8469-04701c32ea40',608,,4032,55,,,0,100,,4026,55,,,0,100,,4023,55,,,0,100,,4042,55,,,0,100,,4040,55,,,0,30,,4038,55,,,0,70,,4047,55,,,0,30,,4027,55,,,0,70,,4037,55,,,0,30,,4043,55,,,0,70,,4028,55,,,0,30,,4030,55,,,0,70,,4031,55,,,0,30,,4029,55,,,0,70,,4045,55,,,0,30,,4024,55,,,0,70,,4035,55,,,0,30,,4044,55,,,0,70,,4039,55,,,0,30,,4025,55,,,0,70,,4041,55,,,0,100,,4046,55,,,0,100,,4034,55,,,0,100,,4033,55,,,0,100,,4036,55,,,0,100,,4048,55,,,0
2200,'b0e813df-b289-42c4-9332-a1e23c8f87f4',908,,4052,55,,,0,100,,4055,55,,,0,100,,4053,55,,,0,100,,4054,55,,,0,100,,4049,55,,,0,100,,4057,55,,,0,100,,4050,55,,,0,100,,4056,55,,,0,100,,4058,55,,,0,100,,4051,55,,,0
2200,'b666c188-406b-4a60-a896-e015a794e699',908,,4063,55,,,0,100,,4064,55,,,0,100,,4061,55,,,0,100,,4066,55,,,0,100,,4060,55,,,0,100,,4067,55,,,0,100,,4062,55,,,0,100,,4065,55,,,0,100,,4068,55,,,0,100,,4059,55,,,0
2200,'c27db234-c9a6-46aa-8ca1-f930e30efe20',908,,4072,55,,,0,100,,4076,55,,,0,100,,4077,55,,,0,100,,4071,55,,,0,100,,4075,55,,,0,100,,4078,55,,,0,100,,4070,55,,,0,100,,4069,55,,,0,100,,4074,55,,,0,100,,4073,55,,,0
