1400,'3d6616aa-5fe5-45d7-a5a7-de31dc5b5067',631,,3544,6,,,0,100,,3536,6,,,0,100,,3539,6,,,0,100,,3549,6,,,0,100,,3541,6,,,0,100,,3550,6,,,0,100,,3545,6,,,0,100,,3552,6,,,0,100,,3547,6,,,0,100,,3551,6,,,0,100,,3543,6,,,0,100,,3535,6,,,0,100,,3548,6,,,0,100,,3537,6,,,0,100,,3542,6,,,0,100,,3546,6,,,0,100,,3538,6,,,0,100,,3540,6,,,0
1400,'544cca2d-eb56-4497-a87c-6dfab9a47eff',631,,3569,6,,,0,100,,3565,6,,,0,100,,3557,6,,,0,100,,3567,6,,,0,100,,3570,6,,,0,100,,3554,6,,,0,100,,3559,6,,,0,100,,3562,6,,,0,100,,3553,6,,,0,100,,3568,6,,,0,100,,3563,6,,,0,100,,3558,6,,,0,100,,3560,6,,,0,100,,3566,6,,,0,100,,3561,6,,,0,100,,3555,6,,,0,100,,3556,6,,,0,100,,3564,6,,,0
1400,'990807e3-90f5-447e-ac49-3637a557f929',631,,3595,6,,,0,100,,3577,6,,,0,100,,3580,6,,,0,100,,3574,6,,,0,70,,3596,6,,,0,30,,3575,6,,,0,70,,3582,6,,,0,30,,3587,6,,,0,70,,3594,6,,,0,30,,3579,6,,,0,70,,3571,6,,,0,30,,3581,6,,,0,70,,3589,6,,,0,30,,3588,6,,,0,70,,3576,6,,,0,30,,3585,6,,,0,70,,3590,6,,,0,30,,3583,6,,,0,70,,3591,6,,,0,30,,3584,6,,,0,100,,3586,6,,,0,100,,3592,6,,,0,100,,3573,6,,,0,100,,3593,6,,,0,100,,3578,6,,,0,100,,3572,6,,,0
1400,'a265ba2f-b229-4c20-8469-04701c32ea40',631,,3617,6,,,0,100,,3615,6,,,0,100,,3621,6,,,0,100,,3603,6,,,0,70,,3604,6,,,0,30,,3597,6,,,0,70,,3608,6,,,0,30,,3616,6,,,0,70,,3611,6,,,0,30,,3600,6,,,0,70,,3612,6,,,0,30,,3601,6,,,0,70,,3610,6,,,0,30,,3622,6,,,0,70,,3614,6,,,0,30,,3599,6,,,0,70,,3618,6,,,0,30,,3606,6,,,0,70,,3620,6,,,0,30,,3598,6,,,0,100,,3609,6,,,0,100,,3613,6,,,0,100,,3619,6,,,0,100,,3607,6,,,0,100,,3602,6,,,0,100,,3605,6,,,0
1400,'b0e813df-b289-42c4-9332-a1e23c8f87f4',931,,3625,6,,,0,100,,3631,6,,,0,100,,3632,6,,,0,100,,3628,6,,,0,100,,3624,6,,,0,100,,3626,6,,,0,100,,3627,6,,,0,100,,3623,6,,,0,100,,3629,6,,,0,100,,3630,6,,,0
1400,'b666c188-406b-4a60-a896-e015a794e699',931,,3639,6,,,0,100,,3634,6,,,0,100,,3633,6,,,0,100,,3642,6,,,0,100,,3636,6,,,0,100,,3641,6,,,0,100,,3640,6,,,0,100,,3637,6,,,0,100,,3635,6,,,0,100,,3638,6,,,0
1400,'c27db234-c9a6-46aa-8ca1-f930e30efe20',931,,3651,6,,,0,100,,3645,6,,,0,100,,3649,6,,,0,100,,3647,6,,,0,100,,3643,6,,,0,100,,3644,6,,,0,100,,3648,6,,,0,100,,3652,6,,,0,100,,3646,6,,,0,100,,3650,6,,,0
1500,'3d6616aa-5fe5-45d7-a5a7-de31dc5b5067',619,,3677,72,,,0,30,,3668,72,,,0,70,,3672,72,,,0,30,,3660,72,,,0,70,,3669,72,,,0,30,,3664,72,,,0,70,,3678,72,,,0,30,,3681,72,,,0,70,,3653,72,,,0,30,,3671,72,,,0,70,,3670,72,,,0,30,,3675,72,,,0,70,,3674,72,,,0,30,,3658,72,,,0,70,,3665,72,,,0,30,,3655,72,,,0,70,,3657,72,,,0,30,,3659,72,,,0,70,,3656,72,,,0,30,,3682,72,,,0,70,,3662,72,,,0,30,,3667,72,,,0,70,,3679,72,,,0,30,,3680,72,,,0,100,,3676,72,,,0,100,,3663,72,,,0,100,,3666,72,,,0,100,,3661,72,,,0,100,,3673,72,,,0,100,,3654,72,,,0
1500,'544cca2d-eb56-4497-a87c-6dfab9a47eff',619,,3711,72,,,0,30,,3688,72,,,0,70,,3696,72,,,0,30,,3701,72,,,0,70,,3699,72,,,0,30,,3707,72,,,0,70,,3697,72,,,0,30,,3704,72,,,0,70,,3690,72,,,0,30,,3712,72,,,0,70,,3686,72,,,0,30,,3684,72,,,0,70,,3698,72,,,0,30,,3695,72,,,0,70,,3694,72,,,0,30,,3687,72,,,0,70,,3692,72,,,0,30,,3709,72,,,0,70,,3689,72,,,0,30,,3691,72,,,0,70,,3700,72,,,0,30,,3693,72,,,0,70,,3706,72,,,0,30,,3703,72,,,0,100,,3702,72,,,0,100,,3683,72,,,0,100,,3708,72,,,0,100,,3685,72,,,0,100,,3705,72,,,0,100,,3710,72,,,0
1500,'990807e3-90f5-447e-ac49-3637a557f929',649,,3730,72,,,0,100,,3724,72,,,0,100,,3729,72,,,0,100,,3727,72,,,0,70,,3718,72,,,0,30,,3736,72,,,0,70,,3734,72,,,0,30,,3714,72,,,0,70,,3733,72,,,0,30,,3723,72,,,0,70,,3716,72,,,0,30,,3722,72,,,0,70,,3737,72,,,0,30,,3713,72,,,0,70,,3738,72,,,0,30,,3720,72,,,0,70,,3726,72,,,0,30,,3728,72,,,0,70,,3719,72,,,0,30,,3721,72,,,0,100,,3717,72,,,0,100,,3725,72,,,0,100,,3731,72,,,0,100,,3715,72,,,0,100,,3732,72,,,0,100,,3735,72,,,0
1500,'a265ba2f-b229-4c20-8469-04701c32ea40',649,,3745,72,,,0,100,,3752,72,,,0,100,,3756,72,,,0,100,,3739,72,,,0,70,,3750,72,,,0,30,,3754,72,,,0,70,,3744,72,,,0,30,,3759,72,,,0,70,,3755,72,,,0,30,,3746,72,,,0,70,,3751,72,,,0,30,,3760,72,,,0,70,,3762,72,,,0,30,,3748,72,,,0,70,,3753,72,,,0,30,,3747,72,,,0,70,,3763,72,,,0,30,,3761,72,,,0,70,,3742,72,,,0,30,,3758,72,,,0,100,,3749,72,,,0,100,,3740,72,,,0,100,,3757,72,,,0,100,,3741,72,,,0,100,,3764,72,,,0,100,,3743,72,,,0
1500,'b0e813df-b289-42c4-9332-a1e23c8f87f4',949,,3773,72,,,0,100,,3770,72,,,0,100,,3766,72,,,0,100,,3772,72,,,0,100,,3768,72,,,0,100,,3771,72,,,0,100,,3774,72,,,0,100,,3765,72,,,0,100,,3769,72,,,0,100,,3767,72,,,0
1500,'b666c188-406b-4a60-a896-e015a794e699',949,,3778,72,,,0,100,,3781,72,,,0,100,,3779,72,,,0,100,,3775,72,,,0,100,,3784,72,,,0,100,,3783,72,,,0,103,,3780,72,,,0,97,,3782,72,,,0,103,,3776,72,,,0,100,,3777,72,,,0
1500,'c27db234-c9a6-46aa-8ca1-f930e30efe20',949,,3794,72,,,0,100,,3786,72,,,0,100,,3788,72,,,0,100,,3791,72,,,0,100,,3790,72,,,0,100,,3785,72,,,0,100,,3793,72,,,0,100,,3787,72,,,0,100,,3789,72,,,0,100,,3792,72,,,0
2200,'3d6616aa-5fe5-45d7-a5a7-de31dc5b5067',600,,3941,6,,,0,30,,3943,6,,,0,70,,3951,6,,,0,30,,3966,6,,,0,70,,3949,6,,,0,30,,3942,6,,,0,70,,3953,6,,,0,30,,3940,6,,,0,70,,3946,6,,,0,30,,3965,6,,,0,70,,3959,6,,,0,30,,3957,6,,,0,70,,3961,6,,,0,30,,3962,6,,,0,70,,3947,6,,,0,30,,3954,6,,,0,70,,3960,6,,,0,30,,3964,6,,,0,70,,3939,6,,,0,30,,3952,6,,,0,70,,3938,6,,,0,30,,3944,6,,,0,70,,3937,6,,,0,30,,3958,6,,,0,70,,3955,6,,,0,100,,3950,6,,,0,100,,3956,6,,,0,100,,3948,6,,,0,100,,3963,6,,,0,100,,3945,6,,,0
2200,'544cca2d-eb56-4497-a87c-6dfab9a47eff',600,,3970,6,,,0,30,,3983,6,,,0,70,,3973,6,,,0,30,,3969,6,,,0,70,,3991,6,,,0,30,,3993,6,,,0,70,,3977,6,,,0,30,,3980,6,,,0,70,,3985,6,,,0,30,,3975,6,,,0,70,,3971,6,,,0,30,,3992,6,,,0,70,,3996,6,,,0,30,,3981,6,,,0,70,,3974,6,,,0,30,,3994,6,,,0,70,,3990,6,,,0,30,,3978,6,,,0,70,,3976,6,,,0,30,,3986,6,,,0,70,,3967,6,,,0,30,,3968,6,,,0,70,,3984,6,,,0,30,,3989,6,,,0,70,,3979,6,,,0,100,,3972,6,,,0,100,,3982,6,,,0,100,,3995,6,,,0,100,,3988,6,,,0,100,,3987,6,,,0
2200,'990807e3-90f5-447e-ac49-3637a557f929',600,,4006,6,,,0,100,,4021,6,,,0,100,,4022,6,,,0,100,,4004,6,,,0,100,,4011,6,,,0,30,,4019,6,,,0,70,,4020,6,,,0,30,,4017,6,,,0,70,,4000,6,,,0,30,,4012,6,,,0,70,,4018,6,,,0,30,,3997,6,,,0,70,,4007,6,,,0,30,,4008,6,,,0,70,,3998,6,,,0,30,,4003,6,,,0,70,,4015,6,,,0,30,,4002,6,,,0,70,,4014,6,,,0,30,,4016,6,,,0,70,,4009,6,,,0,100,,4001,6,,,0,100,,4010,6,,,0,100,,4005,6,,,0,100,,3999,6,,,0,100,,4013,6,,,0
2200,'a265ba2f-b229-4c20-8469-04701c32ea40',600,,4032,6,,,0,100,,4026,6,,,0,100,,4023,6,,,0,100,,4042,6,,,0,100,,4040,6,,,0,30,,4038,6,,,0,70,,4047,6,,,0,30,,4027,6,,,0,70,,4037,6,,,0,30,,4043,6,,,0,70,,4028,6,,,0,30,,4030,6,,,0,70,,4031,6,,,0,30,,4029,6,,,0,70,,4045,6,,,0,30,,4024,6,,,0,70,,4035,6,,,0,30,,4044,6,,,0,70,,4039,6,,,0,30,,4025,6,,,0,70,,4041,6,,,0,100,,4046,6,,,0,100,,4034,6,,,0,100,,4033,6,,,0,100,,4036,6,,,0,100,,4048,6,,,0
2200,'b0e813df-b289-42c4-9332-a1e23c8f87f4',900,,4052,6,,,0,100,,4055,6,,,0,100,,4053,6,,,0,100,,4054,6,,,0,100,,4049,6,,,0,100,,4057,6,,,0,100,,4050,6,,,0,100,,4056,6,,,0,100,,4058,6,,,0,100,,4051,6,,,0
2200,'b666c188-406b-4a60-a896-e015a794e699',900,,4063,6,,,0,100,,4064,6,,,0,100,,4061,6,,,0,100,,4066,6,,,0,100,,4060,6,,,0,100,,4067,6,,,0,100,,4062,6,,,0,100,,4065,6,,,0,100,,4068,6,,,0,100,,4059,6,,,0
2200,'c27db234-c9a6-46aa-8ca1-f930e30efe20',900,,4072,6,,,0,100,,4076,6,,,0,100,,4077,6,,,0,100,,4071,6,,,0,100,,4075,6,,,0,100,,4078,6,,,0,100,,4070,6,,,0,100,,4069,6,,,0,100,,4074,6,,,0,100,,4073,6,,,0
