1500,'3d6616aa-5fe5-45d7-a5a7-de31dc5b5067',616,,3677,66,,,0,30,,3668,66,,,0,70,,3672,66,,,0,30,,3660,66,,,0,70,,3669,66,,,0,30,,3664,66,,,0,70,,3678,66,,,0,30,,3681,66,,,0,70,,3653,66,,,0,30,,3671,66,,,0,70,,3670,66,,,0,30,,3675,66,,,0,70,,3674,66,,,0,30,,3658,66,,,0,70,,3665,66,,,0,30,,3655,66,,,0,70,,3657,66,,,0,30,,3659,66,,,0,70,,3656,66,,,0,30,,3682,66,,,0,70,,3662,66,,,0,30,,3667,66,,,0,70,,3679,66,,,0,30,,3680,66,,,0,100,,3676,66,,,0,100,,3663,66,,,0,100,,3666,66,,,0,100,,3661,66,,,0,100,,3673,66,,,0,100,,3654,66,,,0
1500,'544cca2d-eb56-4497-a87c-6dfab9a47eff',616,,3711,66,,,0,30,,3688,66,,,0,70,,3696,66,,,0,30,,3701,66,,,0,70,,3699,66,,,0,30,,3707,66,,,0,70,,3697,66,,,0,30,,3704,66,,,0,70,,3690,66,,,0,30,,3712,66,,,0,70,,3686,66,,,0,30,,3684,66,,,0,70,,3698,66,,,0,30,,3695,66,,,0,70,,3694,66,,,0,30,,3687,66,,,0,70,,3692,66,,,0,30,,3709,66,,,0,70,,3689,66,,,0,30,,3691,66,,,0,70,,3700,66,,,0,30,,3693,66,,,0,70,,3706,66,,,0,30,,3703,66,,,0,100,,3702,66,,,0,100,,3683,66,,,0,100,,3708,66,,,0,100,,3685,66,,,0,100,,3705,66,,,0,100,,3710,66,,,0
1500,'990807e3-90f5-447e-ac49-3637a557f929',646,,3730,66,,,0,100,,3724,66,,,0,100,,3729,66,,,0,100,,3727,66,,,0,70,,3718,66,,,0,30,,3736,66,,,0,70,,3734,66,,,0,30,,3714,66,,,0,70,,3733,66,,,0,30,,3723,66,,,0,70,,3716,66,,,0,30,,3722,66,,,0,70,,3737,66,,,0,30,,3713,66,,,0,70,,3738,66,,,0,30,,3720,66,,,0,70,,3726,66,,,0,30,,3728,66,,,0,70,,3719,66,,,0,30,,3721,66,,,0,100,,3717,66,,,0,100,,3725,66,,,0,100,,3731,66,,,0,100,,3715,66,,,0,100,,3732,66,,,0,100,,3735,66,,,0
1500,'a265ba2f-b229-4c20-8469-04701c32ea40',646,,3745,66,,,0,100,,3752,66,,,0,100,,3756,66,,,0,100,,3739,66,,,0,70,,3750,66,,,0,30,,3754,66,,,0,70,,3744,66,,,0,30,,3759,66,,,0,70,,3755,66,,,0,30,,3746,66,,,0,70,,3751,66,,,0,30,,3760,66,,,0,70,,3762,66,,,0,30,,3748,66,,,0,70,,3753,66,,,0,30,,3747,66,,,0,70,,3763,66,,,0,30,,3761,66,,,0,70,,3742,66,,,0,30,,3758,66,,,0,100,,3749,66,,,0,100,,3740,66,,,0,100,,3757,66,,,0,100,,3741,66,,,0,100,,3764,66,,,0,100,,3743,66,,,0
1500,'b0e813df-b289-42c4-9332-a1e23c8f87f4',946,,3773,66,,,0,100,,3770,66,,,0,100,,3766,66,,,0,100,,3772,66,,,0,100,,3768,66,,,0,100,,3771,66,,,0,100,,3774,66,,,0,100,,3765,66,,,0,100,,3769,66,,,0,100,,3767,66,,,0
1500,'b666c188-406b-4a60-a896-e015a794e699',946,,3778,66,,,0,100,,3781,66,,,0,100,,3779,66,,,0,100,,3775,66,,,0,100,,3784,66,,,0,100,,3783,66,,,0,101,,3780,66,,,0,99,,3782,66,,,0,101,,3776,66,,,0,100,,3777,66,,,0
1500,'c27db234-c9a6-46aa-8ca1-f930e30efe20',946,,3794,66,,,0,100,,3786,66,,,0,100,,3788,66,,,0,100,,3791,66,,,0,100,,3790,66,,,0,100,,3785,66,,,0,100,,3793,66,,,0,100,,3787,66,,,0,100,,3789,66,,,0,100,,3792,66,,,0
2300,'3d6616aa-5fe5-45d7-a5a7-de31dc5b5067',620,,4092,95,,,0,30,,4091,95,,,0,70,,4088,95,,,0,30,,4106,95,,,0,70,,4090,95,,,0,30,,4084,95,,,0,70,,4095,95,,,0,30,,4098,95,,,0,70,,4099,95,,,0,30,,4103,95,,,0,70,,4108,95,,,0,30,,4085,95,,,0,70,,4101,95,,,0,30,,4080,95,,,0,70,,4082,95,,,0,30,,4104,95,,,0,70,,4086,95,,,0,30,,4100,95,,,0,70,,4097,95,,,0,30,,4081,95,,,0,70,,4105,95,,,0,30,,4079,95,,,0,70,,4093,95,,,0,30,,4083,95,,,0,70,,4107,95,,,0,100,,4096,95,,,0,100,,4102,95,,,0,100,,4087,95,,,0,100,,4089,95,,,0,100,,4094,95,,,0
2300,'544cca2d-eb56-4497-a87c-6dfab9a47eff',620,,4122,95,,,0,30,,4125,95,,,0,70,,4124,95,,,0,30,,4137,95,,,0,70,,4133,95,,,0,30,,4114,95,,,0,70,,4121,95,,,0,30,,4109,95,,,0,70,,4116,95,,,0,30,,4138,95,,,0,70,,4126,95,,,0,30,,4118,95,,,0,70,,4132,95,,,0,30,,4119,95,,,0,70,,4113,95,,,0,30,,4134,95,,,0,70,,4135,95,,,0,30,,4130,95,,,0,70,,4123,95,,,0,30,,4120,95,,,0,70,,4117,95,,,0,30,,4136,95,,,0,70,,4128,95,,,0,30,,4131,95,,,0,70,,4127,95,,,0,100,,4115,95,,,0,100,,4129,95,,,0,100,,4110,95,,,0,100,,4112,95,,,0,100,,4111,95,,,0
2300,'990807e3-90f5-447e-ac49-3637a557f929',620,,4162,95,,,0,100,,4152,95,,,0,100,,4161,95,,,0,100,,4164,95,,,0,100,,4154,95,,,0,30,,4140,95,,,0,70,,4153,95,,,0,30,,4151,95,,,0,70,,4148,95,,,0,30,,4159,95,,,0,70,,4141,95,,,0,30,,4150,95,,,0,70,,4163,95,,,0,30,,4139,95,,,0,70,,4156,95,,,0,30,,4144,95,,,0,70,,4157,95,,,0,30,,4143,95,,,0,70,,4147,95,,,0,30,,4155,95,,,0,70,,4142,95,,,0,100,,4149,95,,,0,100,,4158,95,,,0,100,,4160,95,,,0,100,,4145,95,,,0,100,,4146,95,,,0
2300,'a265ba2f-b229-4c20-8469-04701c32ea40',620,,4166,95,,,0,100,,4168,95,,,0,100,,4186,95,,,0,100,,4183,95,,,0,100,,4182,95,,,0,30,,4174,95,,,0,70,,4173,95,,,0,30,,4189,95,,,0,70,,4180,95,,,0,30,,4178,95,,,0,70,,4176,95,,,0,30,,4188,95,,,0,70,,4184,95,,,0,30,,4165,95,,,0,70,,4177,95,,,0,30,,4185,95,,,0,70,,4167,95,,,0,30,,4170,95,,,0,70,,4171,95,,,0,30,,4169,95,,,0,70,,4179,95,,,0,100,,4190,95,,,0,100,,4172,95,,,0,100,,4187,95,,,0,100,,4175,95,,,0,100,,4181,95,,,0
2300,'b0e813df-b289-42c4-9332-a1e23c8f87f4',920,,4193,95,,,0,100,,4192,95,,,0,100,,4198,95,,,0,100,,4191,95,,,0,100,,4196,95,,,0,100,,4199,95,,,0,100,,4194,95,,,0,100,,4200,95,,,0,100,,4195,95,,,0,100,,4197,95,,,0
2300,'b666c188-406b-4a60-a896-e015a794e699',920,,4207,95,,,0,100,,4208,95,,,0,100,,4201,95,,,0,100,,4203,95,,,0,100,,4202,95,,,0,100,,4205,95,,,0,100,,4209,95,,,0,100,,4204,95,,,0,100,,4206,95,,,0,100,,4210,95,,,0
2300,'c27db234-c9a6-46aa-8ca1-f930e30efe20',920,,4217,95,,,0,100,,4216,95,,,0,100,,4212,95,,,0,100,,4213,95,,,0,100,,4211,95,,,0,100,,4219,95,,,0,100,,4215,95,,,0,100,,4218,95,,,0,100,,4214,95,,,0,100,,4220,95,,,0
