1700,'3d6616aa-5fe5-45d7-a5a7-de31dc5b5067',618,,3798,84,,,0,30,,3795,84,,,0,70,,3796,84,,,0,30,,3797,84,,,0,70,,3802,84,,,0,30,,3800,84,,,0,70,,3799,84,,,0,30,,3801,84,,,0
1700,'544cca2d-eb56-4497-a87c-6dfab9a47eff',618,,3803,84,,,0,30,,3809,84,,,0,70,,3810,84,,,0,30,,3806,84,,,0,70,,3807,84,,,0,30,,3805,84,,,0,70,,3804,84,,,0,30,,3808,84,,,0
1701,'3d6616aa-5fe5-45d7-a5a7-de31dc5b5067',1018,,3822,85,,,0,30,,3828,85,,,0,70,,3820,85,,,0,30,,3816,85,,,0,70,,3830,85,,,0,30,,3829,85,,,0,70,,3824,85,,,0,30,,3815,85,,,0,70,,3827,85,,,0,30,,3814,85,,,0,70,,3825,85,,,0,30,,3832,85,,,0,70,,3823,85,,,0,30,,3819,85,,,0,70,,3813,85,,,0,30,,3818,85,,,0,100,,3811,85,,,0,100,,3826,85,,,0,100,,3831,85,,,0,100,,3812,85,,,0,100,,3821,85,,,0,100,,3817,85,,,0
1701,'544cca2d-eb56-4497-a87c-6dfab9a47eff',1018,,3850,85,,,0,30,,3851,85,,,0,70,,3836,85,,,0,30,,3844,85,,,0,70,,3838,85,,,0,30,,3854,85,,,0,70,,3846,85,,,0,30,,3839,85,,,0,70,,3853,85,,,0,30,,3835,85,,,0,70,,3847,85,,,0,30,,3848,85,,,0,70,,3841,85,,,0,30,,3833,85,,,0,70,,3837,85,,,0,30,,3842,85,,,0,100,,3834,85,,,0,100,,3840,85,,,0,100,,3843,85,,,0,100,,3845,85,,,0,100,,3849,85,,,0,100,,3852,85,,,0
1701,'990807e3-90f5-447e-ac49-3637a557f929',648,,3875,85,,,0,100,,3859,85,,,0,100,,3871,85,,,0,100,,3856,85,,,0,70,,3879,85,,,0,30,,3866,85,,,0,70,,3855,85,,,0,30,,3865,85,,,0,70,,3860,85,,,0,30,,3869,85,,,0,70,,3861,85,,,0,30,,3863,85,,,0,70,,3878,85,,,0,30,,3867,85,,,0,70,,3874,85,,,0,30,,3868,85,,,0,70,,3873,85,,,0,30,,3862,85,,,0,70,,3876,85,,,0,30,,3880,85,,,0,100,,3872,85,,,0,100,,3857,85,,,0,100,,3864,85,,,0,100,,3870,85,,,0,100,,3858,85,,,0,100,,3877,85,,,0
1701,'a265ba2f-b229-4c20-8469-04701c32ea40',648,,3886,85,,,0,100,,3899,85,,,0,100,,3885,85,,,0,100,,3898,85,,,0,70,,3897,85,,,0,30,,3887,85,,,0,70,,3903,85,,,0,30,,3889,85,,,0,70,,3882,85,,,0,30,,3893,85,,,0,70,,3890,85,,,0,30,,3895,85,,,0,70,,3883,85,,,0,30,,3881,85,,,0,70,,3905,85,,,0,30,,3902,85,,,0,70,,3896,85,,,0,30,,3900,85,,,0,70,,3888,85,,,0,30,,3904,85,,,0,100,,3892,85,,,0,100,,3894,85,,,0,100,,3901,85,,,0,100,,3884,85,,,0,100,,3906,85,,,0,100,,3891,85,,,0
1701,'b0e813df-b289-42c4-9332-a1e23c8f87f4',948,,3912,85,,,0,100,,3913,85,,,0,100,,3910,85,,,0,100,,3914,85,,,0,100,,3916,85,,,0,100,,3915,85,,,0,100,,3907,85,,,0,100,,3911,85,,,0,100,,3908,85,,,0,100,,3909,85,,,0
1701,'b666c188-406b-4a60-a896-e015a794e699',948,,3922,85,,,0,100,,3925,85,,,0,100,,3919,85,,,0,100,,3920,85,,,0,100,,3921,85,,,0,100,,3924,85,,,0,100,,3918,85,,,0,100,,3923,85,,,0,100,,3917,85,,,0,100,,3926,85,,,0
1701,'c27db234-c9a6-46aa-8ca1-f930e30efe20',948,,3929,85,,,0,100,,3930,85,,,0,100,,3933,85,,,0,100,,3935,85,,,0,100,,3936,85,,,0,100,,3932,85,,,0,100,,3927,85,,,0,100,,3928,85,,,0,100,,3931,85,,,0,100,,3934,85,,,0
100100,'3d6616aa-5fe5-45d7-a5a7-de31dc5b5067',535,,4221,15,,,0
100100,'544cca2d-eb56-4497-a87c-6dfab9a47eff',535,,4222,15,,,0
