2300,'3d6616aa-5fe5-45d7-a5a7-de31dc5b5067',605,,4092,23,,,0,30,,4091,23,,,0,70,,4088,23,,,0,30,,4106,23,,,0,70,,4090,23,,,0,30,,4084,23,,,0,70,,4095,23,,,0,30,,4098,23,,,0,70,,4099,23,,,0,30,,4103,23,,,0,70,,4108,23,,,0,30,,4085,23,,,0,70,,4101,23,,,0,30,,4080,23,,,0,70,,4082,23,,,0,30,,4104,23,,,0,70,,4086,23,,,0,30,,4100,23,,,0,70,,4097,23,,,0,30,,4081,23,,,0,70,,4105,23,,,0,30,,4079,23,,,0,70,,4093,23,,,0,30,,4083,23,,,0,70,,4107,23,,,0,100,,4096,23,,,0,100,,4102,23,,,0,100,,4087,23,,,0,100,,4089,23,,,0,100,,4094,23,,,0
2300,'544cca2d-eb56-4497-a87c-6dfab9a47eff',605,,4122,23,,,0,30,,4125,23,,,0,70,,4124,23,,,0,30,,4137,23,,,0,70,,4133,23,,,0,30,,4114,23,,,0,70,,4121,23,,,0,30,,4109,23,,,0,70,,4116,23,,,0,30,,4138,23,,,0,70,,4126,23,,,0,30,,4118,23,,,0,70,,4132,23,,,0,30,,4119,23,,,0,70,,4113,23,,,0,30,,4134,23,,,0,70,,4135,23,,,0,30,,4130,23,,,0,70,,4123,23,,,0,30,,4120,23,,,0,70,,4117,23,,,0,30,,4136,23,,,0,70,,4128,23,,,0,30,,4131,23,,,0,70,,4127,23,,,0,100,,4115,23,,,0,100,,4129,23,,,0,100,,4110,23,,,0,100,,4112,23,,,0,100,,4111,23,,,0
2300,'990807e3-90f5-447e-ac49-3637a557f929',605,,4162,23,,,0,100,,4152,23,,,0,100,,4161,23,,,0,100,,4164,23,,,0,100,,4154,23,,,0,30,,4140,23,,,0,70,,4153,23,,,0,30,,4151,23,,,0,70,,4148,23,,,0,30,,4159,23,,,0,70,,4141,23,,,0,30,,4150,23,,,0,70,,4163,23,,,0,30,,4139,23,,,0,70,,4156,23,,,0,30,,4144,23,,,0,70,,4157,23,,,0,30,,4143,23,,,0,70,,4147,23,,,0,30,,4155,23,,,0,70,,4142,23,,,0,100,,4149,23,,,0,100,,4158,23,,,0,100,,4160,23,,,0,100,,4145,23,,,0,100,,4146,23,,,0
2300,'a265ba2f-b229-4c20-8469-04701c32ea40',605,,4166,23,,,0,100,,4168,23,,,0,100,,4186,23,,,0,100,,4183,23,,,0,100,,4182,23,,,0,30,,4174,23,,,0,70,,4173,23,,,0,30,,4189,23,,,0,70,,4180,23,,,0,30,,4178,23,,,0,70,,4176,23,,,0,30,,4188,23,,,0,70,,4184,23,,,0,30,,4165,23,,,0,70,,4177,23,,,0,30,,4185,23,,,0,70,,4167,23,,,0,30,,4170,23,,,0,70,,4171,23,,,0,30,,4169,23,,,0,70,,4179,23,,,0,100,,4190,23,,,0,100,,4172,23,,,0,100,,4187,23,,,0,100,,4175,23,,,0,100,,4181,23,,,0
2300,'b0e813df-b289-42c4-9332-a1e23c8f87f4',905,,4193,23,,,0,100,,4192,23,,,0,100,,4198,23,,,0,100,,4191,23,,,0,100,,4196,23,,,0,100,,4199,23,,,0,100,,4194,23,,,0,100,,4200,23,,,0,100,,4195,23,,,0,100,,4197,23,,,0
2300,'b666c188-406b-4a60-a896-e015a794e699',905,,4207,23,,,0,100,,4208,23,,,0,100,,4201,23,,,0,100,,4203,23,,,0,100,,4202,23,,,0,100,,4205,23,,,0,100,,4209,23,,,0,100,,4204,23,,,0,100,,4206,23,,,0,100,,4210,23,,,0
2300,'c27db234-c9a6-46aa-8ca1-f930e30efe20',905,,4217,23,,,0,100,,4216,23,,,0,100,,4212,23,,,0,100,,4213,23,,,0,100,,4211,23,,,0,100,,4219,23,,,0,100,,4215,23,,,0,100,,4218,23,,,0,100,,4214,23,,,0,100,,4220,23,,,0
100300,'3d6616aa-5fe5-45d7-a5a7-de31dc5b5067',1427,,4226,23,,,0,30,,4223,23,,,0,70,,4224,23,,,0,30,,4227,23,,,0,70,,4225,23,,,0
100300,'544cca2d-eb56-4497-a87c-6dfab9a47eff',1427,,4228,23,,,0,30,,4229,23,,,0,70,,4231,23,,,0,30,,4230,23,,,0,70,,4232,23,,,0
100400,'3d6616aa-5fe5-45d7-a5a7-de31dc5b5067',627,,4233,11,,,0
100400,'544cca2d-eb56-4497-a87c-6dfab9a47eff',627,,4234,11,,,0
