1700,'3d6616aa-5fe5-45d7-a5a7-de31dc5b5067',609,,3798,36,,,0,30,,3795,36,,,0,70,,3796,36,,,0,30,,3797,36,,,0,70,,3802,36,,,0,30,,3800,36,,,0,70,,3799,36,,,0,30,,3801,36,,,0
1700,'544cca2d-eb56-4497-a87c-6dfab9a47eff',609,,3803,36,,,0,30,,3809,36,,,0,70,,3810,36,,,0,30,,3806,36,,,0,70,,3807,36,,,0,30,,3805,36,,,0,70,,3804,36,,,0,30,,3808,36,,,0
1701,'3d6616aa-5fe5-45d7-a5a7-de31dc5b5067',1009,,3822,37,,,0,30,,3828,37,,,0,70,,3820,37,,,0,30,,3816,37,,,0,70,,3830,37,,,0,30,,3829,37,,,0,70,,3824,37,,,0,30,,3815,37,,,0,70,,3827,37,,,0,30,,3814,37,,,0,70,,3825,37,,,0,30,,3832,37,,,0,70,,3823,37,,,0,30,,3819,37,,,0,70,,3813,37,,,0,30,,3818,37,,,0,100,,3811,37,,,0,100,,3826,37,,,0,100,,3831,37,,,0,100,,3812,37,,,0,100,,3821,37,,,0,100,,3817,37,,,0
1701,'544cca2d-eb56-4497-a87c-6dfab9a47eff',1009,,3850,37,,,0,30,,3851,37,,,0,70,,3836,37,,,0,30,,3844,37,,,0,70,,3838,37,,,0,30,,3854,37,,,0,70,,3846,37,,,0,30,,3839,37,,,0,70,,3853,37,,,0,30,,3835,37,,,0,70,,3847,37,,,0,30,,3848,37,,,0,70,,3841,37,,,0,30,,3833,37,,,0,70,,3837,37,,,0,30,,3842,37,,,0,100,,3834,37,,,0,100,,3840,37,,,0,100,,3843,37,,,0,100,,3845,37,,,0,100,,3849,37,,,0,100,,3852,37,,,0
1701,'990807e3-90f5-447e-ac49-3637a557f929',639,,3875,37,,,0,100,,3859,37,,,0,100,,3871,37,,,0,100,,3856,37,,,0,70,,3879,37,,,0,30,,3866,37,,,0,70,,3855,37,,,0,30,,3865,37,,,0,70,,3860,37,,,0,30,,3869,37,,,0,70,,3861,37,,,0,30,,3863,37,,,0,70,,3878,37,,,0,30,,3867,37,,,0,70,,3874,37,,,0,30,,3868,37,,,0,70,,3873,37,,,0,30,,3862,37,,,0,70,,3876,37,,,0,30,,3880,37,,,0,100,,3872,37,,,0,100,,3857,37,,,0,100,,3864,37,,,0,100,,3870,37,,,0,100,,3858,37,,,0,100,,3877,37,,,0
1701,'a265ba2f-b229-4c20-8469-04701c32ea40',639,,3886,37,,,0,100,,3899,37,,,0,100,,3885,37,,,0,100,,3898,37,,,0,70,,3897,37,,,0,30,,3887,37,,,0,70,,3903,37,,,0,30,,3889,37,,,0,70,,3882,37,,,0,30,,3893,37,,,0,70,,3890,37,,,0,30,,3895,37,,,0,70,,3883,37,,,0,30,,3881,37,,,0,70,,3905,37,,,0,30,,3902,37,,,0,70,,3896,37,,,0,30,,3900,37,,,0,70,,3888,37,,,0,30,,3904,37,,,0,100,,3892,37,,,0,100,,3894,37,,,0,100,,3901,37,,,0,100,,3884,37,,,0,100,,3906,37,,,0,100,,3891,37,,,0
1701,'b0e813df-b289-42c4-9332-a1e23c8f87f4',939,,3912,37,,,0,100,,3913,37,,,0,100,,3910,37,,,0,100,,3914,37,,,0,100,,3916,37,,,0,100,,3915,37,,,0,100,,3907,37,,,0,100,,3911,37,,,0,100,,3908,37,,,0,100,,3909,37,,,0
1701,'b666c188-406b-4a60-a896-e015a794e699',939,,3922,37,,,0,100,,3925,37,,,0,100,,3919,37,,,0,100,,3920,37,,,0,100,,3921,37,,,0,100,,3924,37,,,0,100,,3918,37,,,0,100,,3923,37,,,0,100,,3917,37,,,0,100,,3926,37,,,0
1701,'c27db234-c9a6-46aa-8ca1-f930e30efe20',939,,3929,37,,,0,100,,3930,37,,,0,100,,3933,37,,,0,100,,3935,37,,,0,100,,3936,37,,,0,100,,3932,37,,,0,100,,3927,37,,,0,100,,3928,37,,,0,100,,3931,37,,,0,100,,3934,37,,,0
100300,'3d6616aa-5fe5-45d7-a5a7-de31dc5b5067',1400,,4226,0,,,0,30,,4223,0,,,0,70,,4223,27,4,,0,30,,4227,0,,,0,70,,4227,27,4,,0,30,,4225,27,4,,0
100300,'544cca2d-eb56-4497-a87c-6dfab9a47eff',1400,,4228,0,,,0,30,,4228,27,4,,0,70,,4229,27,4,,0,30,,4230,0,,,0,70,,4230,27,4,,0,30,,4232,27,4,,0
100400,'3d6616aa-5fe5-45d7-a5a7-de31dc5b5067',630,,4233,15,,,0
100400,'544cca2d-eb56-4497-a87c-6dfab9a47eff',630,,4234,15,,,0
