1400,'3d6616aa-5fe5-45d7-a5a7-de31dc5b5067',636,,3544,22,,,0,100,,3536,22,,,0,100,,3539,22,,,0,100,,3549,22,,,0,100,,3541,22,,,0,100,,3550,22,,,0,100,,3545,22,,,0,100,,3552,22,,,0,100,,3547,22,,,0,100,,3551,22,,,0,100,,3543,22,,,0,100,,3535,22,,,0,100,,3548,22,,,0,100,,3537,22,,,0,100,,3542,22,,,0,100,,3546,22,,,0,100,,3538,22,,,0,100,,3540,22,,,0
1400,'544cca2d-eb56-4497-a87c-6dfab9a47eff',636,,3569,22,,,0,100,,3565,22,,,0,100,,3557,22,,,0,100,,3567,22,,,0,100,,3570,22,,,0,100,,3554,22,,,0,100,,3559,22,,,0,100,,3562,22,,,0,100,,3553,22,,,0,100,,3568,22,,,0,100,,3563,22,,,0,100,,3558,22,,,0,100,,3560,22,,,0,100,,3566,22,,,0,100,,3561,22,,,0,100,,3555,22,,,0,100,,3556,22,,,0,100,,3564,22,,,0
1400,'990807e3-90f5-447e-ac49-3637a557f929',636,,3595,22,,,0,100,,3577,22,,,0,100,,3580,22,,,0,100,,3574,22,,,0,70,,3596,22,,,0,30,,3575,22,,,0,70,,3582,22,,,0,30,,3587,22,,,0,70,,3594,22,,,0,30,,3579,22,,,0,70,,3571,22,,,0,30,,3581,22,,,0,70,,3589,22,,,0,30,,3588,22,,,0,70,,3576,22,,,0,30,,3585,22,,,0,70,,3590,22,,,0,30,,3583,22,,,0,70,,3591,22,,,0,30,,3584,22,,,0,100,,3586,22,,,0,100,,3592,22,,,0,100,,3573,22,,,0,100,,3593,22,,,0,100,,3578,22,,,0,100,,3572,22,,,0
1400,'a265ba2f-b229-4c20-8469-04701c32ea40',636,,3617,22,,,0,100,,3615,22,,,0,100,,3621,22,,,0,100,,3603,22,,,0,70,,3604,22,,,0,30,,3597,22,,,0,70,,3608,22,,,0,30,,3616,22,,,0,70,,3611,22,,,0,30,,3600,22,,,0,70,,3612,22,,,0,30,,3601,22,,,0,70,,3610,22,,,0,30,,3622,22,,,0,70,,3614,22,,,0,30,,3599,22,,,0,70,,3618,22,,,0,30,,3606,22,,,0,70,,3620,22,,,0,30,,3598,22,,,0,100,,3609,22,,,0,100,,3613,22,,,0,100,,3619,22,,,0,100,,3607,22,,,0,100,,3602,22,,,0,100,,3605,22,,,0
1400,'b0e813df-b289-42c4-9332-a1e23c8f87f4',936,,3625,22,,,0,100,,3631,22,,,0,100,,3632,22,,,0,100,,3628,22,,,0,100,,3624,22,,,0,100,,3626,22,,,0,100,,3627,22,,,0,100,,3623,22,,,0,100,,3629,22,,,0,100,,3630,22,,,0
1400,'b666c188-406b-4a60-a896-e015a794e699',936,,3639,22,,,0,100,,3634,22,,,0,100,,3633,22,,,0,100,,3642,22,,,0,100,,3636,22,,,0,100,,3641,22,,,0,100,,3640,22,,,0,100,,3637,22,,,0,100,,3635,22,,,0,100,,3638,22,,,0
1400,'c27db234-c9a6-46aa-8ca1-f930e30efe20',936,,3651,22,,,0,100,,3645,22,,,0,100,,3649,22,,,0,100,,3647,22,,,0,100,,3643,22,,,0,100,,3644,22,,,0,100,,3648,22,,,0,100,,3652,22,,,0,100,,3646,22,,,0,100,,3650,22,,,0
100100,'3d6616aa-5fe5-45d7-a5a7-de31dc5b5067',546,,4221,62,,,0
100100,'544cca2d-eb56-4497-a87c-6dfab9a47eff',546,,4222,62,,,0
100401,'3d6616aa-5fe5-45d7-a5a7-de31dc5b5067',542,,4235,15,,,0
100401,'544cca2d-eb56-4497-a87c-6dfab9a47eff',542,,4236,15,,,0
