1500,'3d6616aa-5fe5-45d7-a5a7-de31dc5b5067',617,,3677,68,,,0,30,,3668,68,,,0,70,,3672,68,,,0,30,,3660,68,,,0,70,,3669,68,,,0,30,,3664,68,,,0,70,,3678,68,,,0,30,,3681,68,,,0,70,,3653,68,,,0,30,,3671,68,,,0,70,,3670,68,,,0,30,,3675,68,,,0,70,,3674,68,,,0,30,,3658,68,,,0,70,,3665,68,,,0,30,,3655,68,,,0,70,,3657,68,,,0,30,,3659,68,,,0,70,,3656,68,,,0,30,,3682,68,,,0,70,,3662,68,,,0,30,,3667,68,,,0,70,,3679,68,,,0,30,,3680,68,,,0,100,,3676,68,,,0,100,,3663,68,,,0,100,,3666,68,,,0,100,,3661,68,,,0,100,,3673,68,,,0,100,,3654,68,,,0
1500,'544cca2d-eb56-4497-a87c-6dfab9a47eff',617,,3711,68,,,0,30,,3688,68,,,0,70,,3696,68,,,0,30,,3701,68,,,0,70,,3699,68,,,0,30,,3707,68,,,0,70,,3697,68,,,0,30,,3704,68,,,0,70,,3690,68,,,0,30,,3712,68,,,0,70,,3686,68,,,0,30,,3684,68,,,0,70,,3698,68,,,0,30,,3695,68,,,0,70,,3694,68,,,0,30,,3687,68,,,0,70,,3692,68,,,0,30,,3709,68,,,0,70,,3689,68,,,0,30,,3691,68,,,0,70,,3700,68,,,0,30,,3693,68,,,0,70,,3706,68,,,0,30,,3703,68,,,0,100,,3702,68,,,0,100,,3683,68,,,0,100,,3708,68,,,0,100,,3685,68,,,0,100,,3705,68,,,0,100,,3710,68,,,0
1500,'990807e3-90f5-447e-ac49-3637a557f929',647,,3730,68,,,0,100,,3724,68,,,0,100,,3729,68,,,0,100,,3727,68,,,0,70,,3718,68,,,0,30,,3736,68,,,0,70,,3734,68,,,0,30,,3714,68,,,0,70,,3733,68,,,0,30,,3723,68,,,0,70,,3716,68,,,0,30,,3722,68,,,0,70,,3737,68,,,0,30,,3713,68,,,0,70,,3738,68,,,0,30,,3720,68,,,0,70,,3726,68,,,0,30,,3728,68,,,0,70,,3719,68,,,0,30,,3721,68,,,0,100,,3717,68,,,0,100,,3725,68,,,0,100,,3731,68,,,0,100,,3715,68,,,0,100,,3732,68,,,0,100,,3735,68,,,0
1500,'a265ba2f-b229-4c20-8469-04701c32ea40',647,,3745,68,,,0,100,,3752,68,,,0,100,,3756,68,,,0,100,,3739,68,,,0,70,,3750,68,,,0,30,,3754,68,,,0,70,,3744,68,,,0,30,,3759,68,,,0,70,,3755,68,,,0,30,,3746,68,,,0,70,,3751,68,,,0,30,,3760,68,,,0,70,,3762,68,,,0,30,,3748,68,,,0,70,,3753,68,,,0,30,,3747,68,,,0,70,,3763,68,,,0,30,,3761,68,,,0,70,,3742,68,,,0,30,,3758,68,,,0,100,,3749,68,,,0,100,,3740,68,,,0,100,,3757,68,,,0,100,,3741,68,,,0,100,,3764,68,,,0,100,,3743,68,,,0
1500,'b0e813df-b289-42c4-9332-a1e23c8f87f4',947,,3773,68,,,0,100,,3770,68,,,0,100,,3766,68,,,0,100,,3772,68,,,0,100,,3768,68,,,0,100,,3771,68,,,0,100,,3774,68,,,0,100,,3765,68,,,0,100,,3769,68,,,0,100,,3767,68,,,0
1500,'b666c188-406b-4a60-a896-e015a794e699',947,,3778,68,,,0,100,,3781,68,,,0,100,,3779,68,,,0,100,,3775,68,,,0,100,,3784,68,,,0,100,,3783,68,,,0,102,,3780,68,,,0,98,,3782,68,,,0,102,,3776,68,,,0,100,,3777,68,,,0
1500,'c27db234-c9a6-46aa-8ca1-f930e30efe20',947,,3794,68,,,0,100,,3786,68,,,0,100,,3788,68,,,0,100,,3791,68,,,0,100,,3790,68,,,0,100,,3785,68,,,0,100,,3793,68,,,0,100,,3787,68,,,0,100,,3789,68,,,0,100,,3792,68,,,0
2300,'3d6616aa-5fe5-45d7-a5a7-de31dc5b5067',621,,4092,97,,,0,30,,4091,97,,,0,70,,4088,97,,,0,30,,4106,97,,,0,70,,4090,97,,,0,30,,4084,97,,,0,70,,4095,97,,,0,30,,4098,97,,,0,70,,4099,97,,,0,30,,4103,97,,,0,70,,4108,97,,,0,30,,4085,97,,,0,70,,4101,97,,,0,30,,4080,97,,,0,70,,4082,97,,,0,30,,4104,97,,,0,70,,4086,97,,,0,30,,4100,97,,,0,70,,4097,97,,,0,30,,4081,97,,,0,70,,4105,97,,,0,30,,4079,97,,,0,70,,4093,97,,,0,30,,4083,97,,,0,70,,4107,97,,,0,100,,4096,97,,,0,100,,4102,97,,,0,100,,4087,97,,,0,100,,4089,97,,,0,100,,4094,97,,,0
2300,'544cca2d-eb56-4497-a87c-6dfab9a47eff',621,,4122,97,,,0,30,,4125,97,,,0,70,,4124,97,,,0,30,,4137,97,,,0,70,,4133,97,,,0,30,,4114,97,,,0,70,,4121,97,,,0,30,,4109,97,,,0,70,,4116,97,,,0,30,,4138,97,,,0,70,,4126,97,,,0,30,,4118,97,,,0,70,,4132,97,,,0,30,,4119,97,,,0,70,,4113,97,,,0,30,,4134,97,,,0,70,,4135,97,,,0,30,,4130,97,,,0,70,,4123,97,,,0,30,,4120,97,,,0,70,,4117,97,,,0,30,,4136,97,,,0,70,,4128,97,,,0,30,,4131,97,,,0,70,,4127,97,,,0,100,,4115,97,,,0,100,,4129,97,,,0,100,,4110,97,,,0,100,,4112,97,,,0,100,,4111,97,,,0
2300,'990807e3-90f5-447e-ac49-3637a557f929',621,,4162,97,,,0,100,,4152,97,,,0,100,,4161,97,,,0,100,,4164,97,,,0,100,,4154,97,,,0,30,,4140,97,,,0,70,,4153,97,,,0,30,,4151,97,,,0,70,,4148,97,,,0,30,,4159,97,,,0,70,,4141,97,,,0,30,,4150,97,,,0,70,,4163,97,,,0,30,,4139,97,,,0,70,,4156,97,,,0,30,,4144,97,,,0,70,,4157,97,,,0,30,,4143,97,,,0,70,,4147,97,,,0,30,,4155,97,,,0,70,,4142,97,,,0,100,,4149,97,,,0,100,,4158,97,,,0,100,,4160,97,,,0,100,,4145,97,,,0,100,,4146,97,,,0
2300,'a265ba2f-b229-4c20-8469-04701c32ea40',621,,4166,97,,,0,100,,4168,97,,,0,100,,4186,97,,,0,100,,4183,97,,,0,100,,4182,97,,,0,30,,4174,97,,,0,70,,4173,97,,,0,30,,4189,97,,,0,70,,4180,97,,,0,30,,4178,97,,,0,70,,4176,97,,,0,30,,4188,97,,,0,70,,4184,97,,,0,30,,4165,97,,,0,70,,4177,97,,,0,30,,4185,97,,,0,70,,4167,97,,,0,30,,4170,97,,,0,70,,4171,97,,,0,30,,4169,97,,,0,70,,4179,97,,,0,100,,4190,97,,,0,100,,4172,97,,,0,100,,4187,97,,,0,100,,4175,97,,,0,100,,4181,97,,,0
2300,'b0e813df-b289-42c4-9332-a1e23c8f87f4',921,,4193,97,,,0,100,,4192,97,,,0,100,,4198,97,,,0,100,,4191,97,,,0,100,,4196,97,,,0,100,,4199,97,,,0,100,,4194,97,,,0,100,,4200,97,,,0,100,,4195,97,,,0,100,,4197,97,,,0
2300,'b666c188-406b-4a60-a896-e015a794e699',921,,4207,97,,,0,100,,4208,97,,,0,100,,4201,97,,,0,100,,4203,97,,,0,100,,4202,97,,,0,100,,4205,97,,,0,100,,4209,97,,,0,100,,4204,97,,,0,100,,4206,97,,,0,100,,4210,97,,,0
2300,'c27db234-c9a6-46aa-8ca1-f930e30efe20',921,,4217,97,,,0,100,,4216,97,,,0,100,,4212,97,,,0,100,,4213,97,,,0,100,,4211,97,,,0,100,,4219,97,,,0,100,,4215,97,,,0,100,,4218,97,,,0,100,,4214,97,,,0,100,,4220,97,,,0
