1500,'1566a7a5-e049-4449-ad36-997dfbc0ff5e',617,,5983,68,,,0,30,,5985,68,,,0,70,,5978,68,,,0,30,,5972,68,,,0,70,,5989,68,,,0,30,,5975,68,,,0,70,,5984,68,,,0,30,,5976,68,,,0,70,,5973,68,,,0,30,,5979,68,,,0,70,,5971,68,,,0,30,,5974,68,,,0,70,,5980,68,,,0,30,,5969,68,,,0,70,,5965,68,,,0,30,,5981,68,,,0,70,,5986,68,,,0,30,,5970,68,,,0,70,,5988,68,,,0,30,,5968,68,,,0,70,,5994,68,,,0,30,,5991,68,,,0,70,,5982,68,,,0,30,,5977,68,,,0,100,,5990,68,,,0,100,,5966,68,,,0,100,,5987,68,,,0,100,,5992,68,,,0,100,,5993,68,,,0,100,,5967,68,,,0
1500,'46d9dc64-b71a-40f7-adb2-d359d9a69bc5',647,,6002,68,,,0,100,,6009,68,,,0,100,,6003,68,,,0,100,,6004,68,,,0,70,,6000,68,,,0,30,,6017,68,,,0,70,,6016,68,,,0,30,,6007,68,,,0,70,,6013,68,,,0,30,,6010,68,,,0,70,,6014,68,,,0,30,,6020,68,,,0,70,,6012,68,,,0,30,,5998,68,,,0,70,,6005,68,,,0,30,,6006,68,,,0,70,,5999,68,,,0,30,,5996,68,,,0,70,,6018,68,,,0,30,,5995,68,,,0,100,,6015,68,,,0,100,,6008,68,,,0,100,,6001,68,,,0,100,,6019,68,,,0,100,,5997,68,,,0,100,,6011,68,,,0
1500,'67b24b5a-e659-4c7b-baa6-fdcd9c66198c',617,,6035,68,,,0,30,,6050,68,,,0,70,,6048,68,,,0,30,,6022,68,,,0,70,,6042,68,,,0,30,,6045,68,,,0,70,,6047,68,,,0,30,,6025,68,,,0,70,,6036,68,,,0,30,,6030,68,,,0,70,,6031,68,,,0,30,,6024,68,,,0,70,,6033,68,,,0,30,,6049,68,,,0,70,,6028,68,,,0,30,,6026,68,,,0,70,,6037,68,,,0,30,,6032,68,,,0,70,,6029,68,,,0,30,,6021,68,,,0,70,,6038,68,,,0,30,,6034,68,,,0,70,,6044,68,,,0,30,,6043,68,,,0,100,,6039,68,,,0,100,,6041,68,,,0,100,,6023,68,,,0,100,,6040,68,,,0,100,,6046,68,,,0,100,,6027,68,,,0
1500,'973d8456-b6fb-41ea-957b-0e1777112dd0',647,,6060,68,,,0,100,,6054,68,,,0,100,,6065,68,,,0,100,,6057,68,,,0,70,,6076,68,,,0,30,,6074,68,,,0,70,,6055,68,,,0,30,,6061,68,,,0,70,,6063,68,,,0,30,,6071,68,,,0,70,,6075,68,,,0,30,,6062,68,,,0,70,,6064,68,,,0,30,,6067,68,,,0,70,,6052,68,,,0,30,,6072,68,,,0,70,,6051,68,,,0,30,,6058,68,,,0,70,,6053,68,,,0,30,,6059,68,,,0,100,,6066,68,,,0,100,,6069,68,,,0,100,,6070,68,,,0,100,,6073,68,,,0,100,,6056,68,,,0,100,,6068,68,,,0
1500,'a9ed4dda-1621-4e5b-9bac-0abfa7fd8601',947,,6083,68,,,0,100,,6079,68,,,0,100,,6078,68,,,0,100,,6082,68,,,0,100,,6086,68,,,0,100,,6081,68,,,0,100,,6077,68,,,0,100,,6085,68,,,0,100,,6084,68,,,0,100,,6080,68,,,0
1500,'c6a9f587-91b7-4740-af4c-5ee6be215e3e',947,,6089,68,,,0,100,,6094,68,,,0,100,,6093,68,,,0,100,,6096,68,,,0,100,,6092,68,,,0,100,,6087,68,,,0,100,,6088,68,,,0,100,,6095,68,,,0,100,,6090,68,,,0,100,,6091,68,,,0
1500,'f6d6175b-015f-41c4-bb6e-f3fb65f7b202',947,,6103,68,,,0,100,,6105,68,,,0,100,,6104,68,,,0,100,,6102,68,,,0,100,,6106,68,,,0,100,,6098,68,,,0,102,,6097,68,,,0,98,,6100,68,,,0,102,,6101,68,,,0,100,,6099,68,,,0
2300,'1566a7a5-e049-4449-ad36-997dfbc0ff5e',621,,6405,97,,,0,30,,6413,97,,,0,70,,6420,97,,,0,30,,6403,97,,,0,70,,6416,97,,,0,30,,6402,97,,,0,70,,6391,97,,,0,30,,6404,97,,,0,70,,6397,97,,,0,30,,6407,97,,,0,70,,6394,97,,,0,30,,6408,97,,,0,70,,6411,97,,,0,30,,6419,97,,,0,70,,6401,97,,,0,30,,6392,97,,,0,70,,6410,97,,,0,30,,6409,97,,,0,70,,6406,97,,,0,30,,6400,97,,,0,70,,6396,97,,,0,30,,6412,97,,,0,70,,6395,97,,,0,30,,6417,97,,,0,70,,6415,97,,,0,100,,6393,97,,,0,100,,6399,97,,,0,100,,6418,97,,,0,100,,6414,97,,,0,100,,6398,97,,,0
2300,'46d9dc64-b71a-40f7-adb2-d359d9a69bc5',621,,6433,97,,,0,100,,6435,97,,,0,100,,6428,97,,,0,100,,6423,97,,,0,100,,6437,97,,,0,30,,6422,97,,,0,70,,6430,97,,,0,30,,6426,97,,,0,70,,6439,97,,,0,30,,6443,97,,,0,70,,6429,97,,,0,30,,6432,97,,,0,70,,6434,97,,,0,30,,6436,97,,,0,70,,6438,97,,,0,30,,6421,97,,,0,70,,6431,97,,,0,30,,6445,97,,,0,70,,6446,97,,,0,30,,6425,97,,,0,70,,6440,97,,,0,100,,6442,97,,,0,100,,6441,97,,,0,100,,6424,97,,,0,100,,6444,97,,,0,100,,6427,97,,,0
2300,'67b24b5a-e659-4c7b-baa6-fdcd9c66198c',621,,6467,97,,,0,30,,6474,97,,,0,70,,6464,97,,,0,30,,6476,97,,,0,70,,6450,97,,,0,30,,6447,97,,,0,70,,6461,97,,,0,30,,6454,97,,,0,70,,6453,97,,,0,30,,6473,97,,,0,70,,6460,97,,,0,30,,6475,97,,,0,70,,6449,97,,,0,30,,6459,97,,,0,70,,6470,97,,,0,30,,6463,97,,,0,70,,6469,97,,,0,30,,6452,97,,,0,70,,6462,97,,,0,30,,6465,97,,,0,70,,6472,97,,,0,30,,6468,97,,,0,70,,6455,97,,,0,30,,6448,97,,,0,70,,6457,97,,,0,100,,6471,97,,,0,100,,6458,97,,,0,100,,6456,97,,,0,100,,6451,97,,,0,100,,6466,97,,,0
2300,'973d8456-b6fb-41ea-957b-0e1777112dd0',621,,6495,97,,,0,100,,6479,97,,,0,100,,6494,97,,,0,100,,6486,97,,,0,100,,6502,97,,,0,30,,6496,97,,,0,70,,6500,97,,,0,30,,6488,97,,,0,70,,6485,97,,,0,30,,6498,97,,,0,70,,6490,97,,,0,30,,6493,97,,,0,70,,6482,97,,,0,30,,6484,97,,,0,70,,6489,97,,,0,30,,6481,97,,,0,70,,6478,97,,,0,30,,6480,97,,,0,70,,6499,97,,,0,30,,6477,97,,,0,70,,6491,97,,,0,100,,6501,97,,,0,100,,6483,97,,,0,100,,6497,97,,,0,100,,6492,97,,,0,100,,6487,97,,,0
2300,'a9ed4dda-1621-4e5b-9bac-0abfa7fd8601',921,,6508,97,,,0,100,,6507,97,,,0,100,,6512,97,,,0,100,,6510,97,,,0,100,,6511,97,,,0,100,,6509,97,,,0,100,,6505,97,,,0,100,,6503,97,,,0,100,,6506,97,,,0,100,,6504,97,,,0
2300,'c6a9f587-91b7-4740-af4c-5ee6be215e3e',921,,6520,97,,,0,100,,6514,97,,,0,100,,6516,97,,,0,100,,6519,97,,,0,100,,6522,97,,,0,100,,6518,97,,,0,100,,6517,97,,,0,100,,6513,97,,,0,100,,6515,97,,,0,100,,6521,97,,,0
2300,'f6d6175b-015f-41c4-bb6e-f3fb65f7b202',921,,6532,97,,,0,100,,6523,97,,,0,100,,6528,97,,,0,100,,6524,97,,,0,100,,6531,97,,,0,100,,6526,97,,,0,100,,6530,97,,,0,100,,6527,97,,,0,100,,6529,97,,,0,100,,6525,97,,,0
