1700,'1566a7a5-e049-4449-ad36-997dfbc0ff5e',618,,6113,84,,,0,30,,6110,84,,,0,70,,6109,84,,,0,30,,6111,84,,,0,70,,6108,84,,,0,30,,6107,84,,,0,70,,6114,84,,,0,30,,6112,84,,,0
1700,'67b24b5a-e659-4c7b-baa6-fdcd9c66198c',618,,6119,84,,,0,30,,6122,84,,,0,70,,6115,84,,,0,30,,6116,84,,,0,70,,6117,84,,,0,30,,6118,84,,,0,70,,6121,84,,,0,30,,6120,84,,,0
1701,'1566a7a5-e049-4449-ad36-997dfbc0ff5e',1018,,6142,85,,,0,30,,6136,85,,,0,70,,6141,85,,,0,30,,6127,85,,,0,70,,6125,85,,,0,30,,6134,85,,,0,70,,6135,85,,,0,30,,6130,85,,,0,70,,6126,85,,,0,30,,6123,85,,,0,70,,6124,85,,,0,30,,6144,85,,,0,70,,6140,85,,,0,30,,6139,85,,,0,70,,6128,85,,,0,30,,6138,85,,,0,100,,6133,85,,,0,100,,6143,85,,,0,100,,6129,85,,,0,100,,6132,85,,,0,100,,6137,85,,,0,100,,6131,85,,,0
1701,'46d9dc64-b71a-40f7-adb2-d359d9a69bc5',648,,6155,85,,,0,100,,6145,85,,,0,100,,6146,85,,,0,100,,6154,85,,,0,70,,6162,85,,,0,30,,6167,85,,,0,70,,6153,85,,,0,30,,6163,85,,,0,70,,6165,85,,,0,30,,6147,85,,,0,70,,6164,85,,,0,30,,6168,85,,,0,70,,6151,85,,,0,30,,6158,85,,,0,70,,6161,85,,,0,30,,6166,85,,,0,70,,6170,85,,,0,30,,6156,85,,,0,70,,6152,85,,,0,30,,6159,85,,,0,100,,6169,85,,,0,100,,6157,85,,,0,100,,6148,85,,,0,100,,6149,85,,,0,100,,6150,85,,,0,100,,6160,85,,,0
1701,'67b24b5a-e659-4c7b-baa6-fdcd9c66198c',1018,,6177,85,,,0,30,,6184,85,,,0,70,,6185,85,,,0,30,,6190,85,,,0,70,,6176,85,,,0,30,,6172,85,,,0,70,,6179,85,,,0,30,,6181,85,,,0,70,,6183,85,,,0,30,,6174,85,,,0,70,,6175,85,,,0,30,,6180,85,,,0,70,,6192,85,,,0,30,,6189,85,,,0,70,,6182,85,,,0,30,,6188,85,,,0,100,,6186,85,,,0,100,,6187,85,,,0,100,,6178,85,,,0,100,,6171,85,,,0,100,,6173,85,,,0,100,,6191,85,,,0
1701,'973d8456-b6fb-41ea-957b-0e1777112dd0',648,,6206,85,,,0,100,,6200,85,,,0,100,,6209,85,,,0,100,,6198,85,,,0,70,,6204,85,,,0,30,,6212,85,,,0,70,,6195,85,,,0,30,,6202,85,,,0,70,,6208,85,,,0,30,,6213,85,,,0,70,,6205,85,,,0,30,,6214,85,,,0,70,,6193,85,,,0,30,,6210,85,,,0,70,,6194,85,,,0,30,,6215,85,,,0,70,,6211,85,,,0,30,,6196,85,,,0,70,,6203,85,,,0,30,,6218,85,,,0,100,,6207,85,,,0,100,,6201,85,,,0,100,,6197,85,,,0,100,,6199,85,,,0,100,,6217,85,,,0,100,,6216,85,,,0
1701,'a9ed4dda-1621-4e5b-9bac-0abfa7fd8601',948,,6223,85,,,0,100,,6221,85,,,0,100,,6224,85,,,0,100,,6219,85,,,0,100,,6222,85,,,0,100,,6227,85,,,0,100,,6225,85,,,0,100,,6228,85,,,0,100,,6220,85,,,0,100,,6226,85,,,0
1701,'c6a9f587-91b7-4740-af4c-5ee6be215e3e',948,,6237,85,,,0,100,,6229,85,,,0,100,,6238,85,,,0,100,,6236,85,,,0,100,,6232,85,,,0,100,,6230,85,,,0,100,,6233,85,,,0,100,,6235,85,,,0,100,,6234,85,,,0,100,,6231,85,,,0
1701,'f6d6175b-015f-41c4-bb6e-f3fb65f7b202',948,,6248,85,,,0,100,,6245,85,,,0,100,,6246,85,,,0,100,,6247,85,,,0,100,,6239,85,,,0,100,,6242,85,,,0,100,,6244,85,,,0,100,,6243,85,,,0,100,,6240,85,,,0,100,,6241,85,,,0
100100,'1566a7a5-e049-4449-ad36-997dfbc0ff5e',535,,6533,15,,,0
100100,'67b24b5a-e659-4c7b-baa6-fdcd9c66198c',535,,6534,15,,,0
