100100,'1566a7a5-e049-4449-ad36-997dfbc0ff5e',612,,6533,93,4,,0
100100,'67b24b5a-e659-4c7b-baa6-fdcd9c66198c',612,,6534,93,4,,0
100300,'1566a7a5-e049-4449-ad36-997dfbc0ff5e',1415,,6538,14,,,0,30,,6539,14,,,0,70,,6537,14,,,0,30,,6536,14,,,0,70,,6535,14,,,0
100300,'67b24b5a-e659-4c7b-baa6-fdcd9c66198c',1415,,6540,14,,,0,30,,6544,14,,,0,70,,6541,14,,,0,30,,6542,14,,,0,70,,6543,14,,,0
100400,'1566a7a5-e049-4449-ad36-997dfbc0ff5e',612,,6545,0,,,0,30,,6545,32,4,,0
100400,'67b24b5a-e659-4c7b-baa6-fdcd9c66198c',612,,6546,0,,,0,30,,6546,32,4,,0
100401,'1566a7a5-e049-4449-ad36-997dfbc0ff5e',612,,6547,66,4,,0
100401,'67b24b5a-e659-4c7b-baa6-fdcd9c66198c',612,,6548,66,4,,0
100800,'1566a7a5-e049-4449-ad36-997dfbc0ff5e',2401,,6549,0,,,0,99,,6549,4,4,,0
100800,'67b24b5a-e659-4c7b-baa6-fdcd9c66198c',2401,,6550,0,,,0,99,,6550,4,4,,0
100900,'1566a7a5-e049-4449-ad36-997dfbc0ff5e',2515,,6551,0,,,0
100900,'67b24b5a-e659-4c7b-baa6-fdcd9c66198c',2515,,6552,0,,,0
