800,'1566a7a5-e049-4449-ad36-997dfbc0ff5e',604,,5694,17,,,0,30,,5705,17,,,0,70,,5686,17,,,0,30,,5683,17,,,0,70,,5703,17,,,0,30,,5681,17,,,0,70,,5707,17,,,0,30,,5695,17,,,0,70,,5709,17,,,0,30,,5688,17,,,0,70,,5702,17,,,0,30,,5706,17,,,0,70,,5701,17,,,0,30,,5710,17,,,0,70,,5684,17,,,0,30,,5704,17,,,0,70,,5691,17,,,0,30,,5693,17,,,0,70,,5687,17,,,0,30,,5692,17,,,0,70,,5708,17,,,0,30,,5685,17,,,0,70,,5690,17,,,0,30,,5699,17,,,0,70,,5697,17,,,0,100,,5698,17,,,0,100,,5696,17,,,0,100,,5700,17,,,0,100,,5689,17,,,0,100,,5682,17,,,0
800,'46d9dc64-b71a-40f7-adb2-d359d9a69bc5',604,,5714,17,,,0,100,,5734,17,,,0,100,,5718,17,,,0,100,,5733,17,,,0,100,,5722,17,,,0,30,,5721,17,,,0,70,,5729,17,,,0,30,,5719,17,,,0,70,,5712,17,,,0,30,,5730,17,,,0,70,,5726,17,,,0,30,,5723,17,,,0,70,,5713,17,,,0,30,,5715,17,,,0,70,,5725,17,,,0,30,,5731,17,,,0,70,,5711,17,,,0,30,,5728,17,,,0,70,,5736,17,,,0,30,,5724,17,,,0,70,,5732,17,,,0,100,,5720,17,,,0,100,,5716,17,,,0,100,,5717,17,,,0,100,,5735,17,,,0,100,,5727,17,,,0
800,'67b24b5a-e659-4c7b-baa6-fdcd9c66198c',604,,5762,17,,,0,30,,5742,17,,,0,70,,5756,17,,,0,30,,5737,17,,,0,70,,5763,17,,,0,30,,5765,17,,,0,70,,5750,17,,,0,30,,5764,17,,,0,70,,5747,17,,,0,30,,5738,17,,,0,70,,5758,17,,,0,30,,5757,17,,,0,70,,5751,17,,,0,30,,5754,17,,,0,70,,5740,17,,,0,30,,5744,17,,,0,70,,5753,17,,,0,30,,5761,17,,,0,70,,5755,17,,,0,30,,5752,17,,,0,70,,5760,17,,,0,30,,5745,17,,,0,70,,5766,17,,,0,30,,5759,17,,,0,70,,5743,17,,,0,100,,5739,17,,,0,100,,5748,17,,,0,100,,5741,17,,,0,100,,5749,17,,,0,100,,5746,17,,,0
800,'973d8456-b6fb-41ea-957b-0e1777112dd0',604,,5787,17,,,0,100,,5774,17,,,0,100,,5790,17,,,0,100,,5768,17,,,0,100,,5779,17,,,0,30,,5788,17,,,0,70,,5773,17,,,0,30,,5781,17,,,0,70,,5783,17,,,0,30,,5770,17,,,0,70,,5771,17,,,0,30,,5791,17,,,0,70,,5785,17,,,0,30,,5777,17,,,0,70,,5772,17,,,0,30,,5767,17,,,0,70,,5769,17,,,0,30,,5775,17,,,0,70,,5786,17,,,0,30,,5784,17,,,0,70,,5782,17,,,0,100,,5778,17,,,0,100,,5789,17,,,0,100,,5792,17,,,0,100,,5776,17,,,0,100,,5780,17,,,0
800,'a9ed4dda-1621-4e5b-9bac-0abfa7fd8601',904,,5802,17,,,0,100,,5797,17,,,0,100,,5798,17,,,0,100,,5793,17,,,0,100,,5799,17,,,0,100,,5794,17,,,0,100,,5800,17,,,0,100,,5796,17,,,0,100,,5801,17,,,0,100,,5795,17,,,0
800,'c6a9f587-91b7-4740-af4c-5ee6be215e3e',904,,5812,17,,,0,100,,5805,17,,,0,100,,5809,17,,,0,100,,5808,17,,,0,100,,5810,17,,,0,100,,5806,17,,,0,100,,5803,17,,,0,100,,5804,17,,,0,100,,5811,17,,,0,100,,5807,17,,,0
800,'f6d6175b-015f-41c4-bb6e-f3fb65f7b202',904,,5814,17,,,0,100,,5822,17,,,0,100,,5815,17,,,0,100,,5818,17,,,0,100,,5813,17,,,0,100,,5816,17,,,0,100,,5821,17,,,0,100,,5819,17,,,0,100,,5817,17,,,0,100,,5820,17,,,0
2200,'1566a7a5-e049-4449-ad36-997dfbc0ff5e',604,,6259,33,,,0,30,,6276,33,,,0,70,,6261,33,,,0,30,,6264,33,,,0,70,,6260,33,,,0,30,,6275,33,,,0,70,,6256,33,,,0,30,,6277,33,,,0,70,,6253,33,,,0,30,,6268,33,,,0,70,,6267,33,,,0,30,,6273,33,,,0,70,,6270,33,,,0,30,,6271,33,,,0,70,,6251,33,,,0,30,,6258,33,,,0,70,,6254,33,,,0,30,,6265,33,,,0,70,,6269,33,,,0,30,,6252,33,,,0,70,,6274,33,,,0,30,,6257,33,,,0,70,,6262,33,,,0,30,,6278,33,,,0,70,,6263,33,,,0,100,,6272,33,,,0,100,,6249,33,,,0,100,,6255,33,,,0,100,,6266,33,,,0,100,,6250,33,,,0
2200,'46d9dc64-b71a-40f7-adb2-d359d9a69bc5',604,,6302,33,,,0,100,,6279,33,,,0,100,,6288,33,,,0,100,,6280,33,,,0,100,,6297,33,,,0,30,,6290,33,,,0,70,,6304,33,,,0,30,,6293,33,,,0,70,,6303,33,,,0,30,,6284,33,,,0,70,,6281,33,,,0,30,,6292,33,,,0,70,,6299,33,,,0,30,,6294,33,,,0,70,,6301,33,,,0,30,,6283,33,,,0,70,,6300,33,,,0,30,,6298,33,,,0,70,,6291,33,,,0,30,,6295,33,,,0,70,,6289,33,,,0,100,,6296,33,,,0,100,,6287,33,,,0,100,,6286,33,,,0,100,,6282,33,,,0,100,,6285,33,,,0
2200,'67b24b5a-e659-4c7b-baa6-fdcd9c66198c',604,,6327,33,,,0,30,,6307,33,,,0,70,,6320,33,,,0,30,,6321,33,,,0,70,,6331,33,,,0,30,,6319,33,,,0,70,,6322,33,,,0,30,,6323,33,,,0,70,,6333,33,,,0,30,,6332,33,,,0,70,,6306,33,,,0,30,,6329,33,,,0,70,,6308,33,,,0,30,,6325,33,,,0,70,,6334,33,,,0,30,,6314,33,,,0,70,,6311,33,,,0,30,,6310,33,,,0,70,,6326,33,,,0,30,,6309,33,,,0,70,,6324,33,,,0,30,,6328,33,,,0,70,,6315,33,,,0,30,,6305,33,,,0,70,,6318,33,,,0,100,,6313,33,,,0,100,,6317,33,,,0,100,,6316,33,,,0,100,,6312,33,,,0,100,,6330,33,,,0
2200,'973d8456-b6fb-41ea-957b-0e1777112dd0',604,,6336,33,,,0,100,,6335,33,,,0,100,,6337,33,,,0,100,,6359,33,,,0,100,,6339,33,,,0,30,,6350,33,,,0,70,,6358,33,,,0,30,,6342,33,,,0,70,,6349,33,,,0,30,,6338,33,,,0,70,,6356,33,,,0,30,,6340,33,,,0,70,,6341,33,,,0,30,,6347,33,,,0,70,,6351,33,,,0,30,,6345,33,,,0,70,,6354,33,,,0,30,,6344,33,,,0,70,,6357,33,,,0,30,,6343,33,,,0,70,,6346,33,,,0,100,,6355,33,,,0,100,,6353,33,,,0,100,,6352,33,,,0,100,,6348,33,,,0,100,,6360,33,,,0
2200,'a9ed4dda-1621-4e5b-9bac-0abfa7fd8601',904,,6363,33,,,0,100,,6368,33,,,0,100,,6369,33,,,0,100,,6370,33,,,0,100,,6364,33,,,0,100,,6362,33,,,0,100,,6366,33,,,0,100,,6367,33,,,0,100,,6365,33,,,0,100,,6361,33,,,0
2200,'c6a9f587-91b7-4740-af4c-5ee6be215e3e',904,,6371,33,,,0,100,,6375,33,,,0,100,,6379,33,,,0,100,,6374,33,,,0,100,,6372,33,,,0,100,,6373,33,,,0,100,,6380,33,,,0,100,,6377,33,,,0,100,,6376,33,,,0,100,,6378,33,,,0
2200,'f6d6175b-015f-41c4-bb6e-f3fb65f7b202',904,,6388,33,,,0,100,,6385,33,,,0,100,,6384,33,,,0,100,,6381,33,,,0,100,,6389,33,,,0,100,,6382,33,,,0,100,,6383,33,,,0,100,,6390,33,,,0,100,,6387,33,,,0,100,,6386,33,,,0
