1700,'1566a7a5-e049-4449-ad36-997dfbc0ff5e',609,,6113,36,,,0,30,,6110,36,,,0,70,,6109,36,,,0,30,,6111,36,,,0,70,,6108,36,,,0,30,,6107,36,,,0,70,,6114,36,,,0,30,,6112,36,,,0
1700,'67b24b5a-e659-4c7b-baa6-fdcd9c66198c',609,,6119,36,,,0,30,,6122,36,,,0,70,,6115,36,,,0,30,,6116,36,,,0,70,,6117,36,,,0,30,,6118,36,,,0,70,,6121,36,,,0,30,,6120,36,,,0
1701,'1566a7a5-e049-4449-ad36-997dfbc0ff5e',1009,,6142,37,,,0,30,,6136,37,,,0,70,,6141,37,,,0,30,,6127,37,,,0,70,,6125,37,,,0,30,,6134,37,,,0,70,,6135,37,,,0,30,,6130,37,,,0,70,,6126,37,,,0,30,,6123,37,,,0,70,,6124,37,,,0,30,,6144,37,,,0,70,,6140,37,,,0,30,,6139,37,,,0,70,,6128,37,,,0,30,,6138,37,,,0,100,,6133,37,,,0,100,,6143,37,,,0,100,,6129,37,,,0,100,,6132,37,,,0,100,,6137,37,,,0,100,,6131,37,,,0
1701,'46d9dc64-b71a-40f7-adb2-d359d9a69bc5',639,,6155,37,,,0,100,,6145,37,,,0,100,,6146,37,,,0,100,,6154,37,,,0,70,,6162,37,,,0,30,,6167,37,,,0,70,,6153,37,,,0,30,,6163,37,,,0,70,,6165,37,,,0,30,,6147,37,,,0,70,,6164,37,,,0,30,,6168,37,,,0,70,,6151,37,,,0,30,,6158,37,,,0,70,,6161,37,,,0,30,,6166,37,,,0,70,,6170,37,,,0,30,,6156,37,,,0,70,,6152,37,,,0,30,,6159,37,,,0,100,,6169,37,,,0,100,,6157,37,,,0,100,,6148,37,,,0,100,,6149,37,,,0,100,,6150,37,,,0,100,,6160,37,,,0
1701,'67b24b5a-e659-4c7b-baa6-fdcd9c66198c',1009,,6177,37,,,0,30,,6184,37,,,0,70,,6185,37,,,0,30,,6190,37,,,0,70,,6176,37,,,0,30,,6172,37,,,0,70,,6179,37,,,0,30,,6181,37,,,0,70,,6183,37,,,0,30,,6174,37,,,0,70,,6175,37,,,0,30,,6180,37,,,0,70,,6192,37,,,0,30,,6189,37,,,0,70,,6182,37,,,0,30,,6188,37,,,0,100,,6186,37,,,0,100,,6187,37,,,0,100,,6178,37,,,0,100,,6171,37,,,0,100,,6173,37,,,0,100,,6191,37,,,0
1701,'973d8456-b6fb-41ea-957b-0e1777112dd0',639,,6206,37,,,0,100,,6200,37,,,0,100,,6209,37,,,0,100,,6198,37,,,0,70,,6204,37,,,0,30,,6212,37,,,0,70,,6195,37,,,0,30,,6202,37,,,0,70,,6208,37,,,0,30,,6213,37,,,0,70,,6205,37,,,0,30,,6214,37,,,0,70,,6193,37,,,0,30,,6210,37,,,0,70,,6194,37,,,0,30,,6215,37,,,0,70,,6211,37,,,0,30,,6196,37,,,0,70,,6203,37,,,0,30,,6218,37,,,0,100,,6207,37,,,0,100,,6201,37,,,0,100,,6197,37,,,0,100,,6199,37,,,0,100,,6217,37,,,0,100,,6216,37,,,0
1701,'a9ed4dda-1621-4e5b-9bac-0abfa7fd8601',939,,6223,37,,,0,100,,6221,37,,,0,100,,6224,37,,,0,100,,6219,37,,,0,100,,6222,37,,,0,100,,6227,37,,,0,100,,6225,37,,,0,100,,6228,37,,,0,100,,6220,37,,,0,100,,6226,37,,,0
1701,'c6a9f587-91b7-4740-af4c-5ee6be215e3e',939,,6237,37,,,0,100,,6229,37,,,0,100,,6238,37,,,0,100,,6236,37,,,0,100,,6232,37,,,0,100,,6230,37,,,0,100,,6233,37,,,0,100,,6235,37,,,0,100,,6234,37,,,0,100,,6231,37,,,0
1701,'f6d6175b-015f-41c4-bb6e-f3fb65f7b202',939,,6248,37,,,0,100,,6245,37,,,0,100,,6246,37,,,0,100,,6247,37,,,0,100,,6239,37,,,0,100,,6242,37,,,0,100,,6244,37,,,0,100,,6243,37,,,0,100,,6240,37,,,0,100,,6241,37,,,0
100300,'1566a7a5-e049-4449-ad36-997dfbc0ff5e',1400,,6538,0,,,0,30,,6539,0,,,0,70,,6539,27,4,,0,30,,6536,0,,,0,70,,6536,27,4,,0,30,,6535,27,4,,0
100300,'67b24b5a-e659-4c7b-baa6-fdcd9c66198c',1400,,6540,0,,,0,30,,6544,0,,,0,70,,6544,27,4,,0,30,,6542,0,,,0,70,,6542,27,4,,0,30,,6543,27,4,,0
100400,'1566a7a5-e049-4449-ad36-997dfbc0ff5e',630,,6545,15,,,0
100400,'67b24b5a-e659-4c7b-baa6-fdcd9c66198c',630,,6546,15,,,0
