2300,'1566a7a5-e049-4449-ad36-997dfbc0ff5e',605,,6405,23,,,0,30,,6413,23,,,0,70,,6420,23,,,0,30,,6403,23,,,0,70,,6416,23,,,0,30,,6402,23,,,0,70,,6391,23,,,0,30,,6404,23,,,0,70,,6397,23,,,0,30,,6407,23,,,0,70,,6394,23,,,0,30,,6408,23,,,0,70,,6411,23,,,0,30,,6419,23,,,0,70,,6401,23,,,0,30,,6392,23,,,0,70,,6410,23,,,0,30,,6409,23,,,0,70,,6406,23,,,0,30,,6400,23,,,0,70,,6396,23,,,0,30,,6412,23,,,0,70,,6395,23,,,0,30,,6417,23,,,0,70,,6415,23,,,0,100,,6393,23,,,0,100,,6399,23,,,0,100,,6418,23,,,0,100,,6414,23,,,0,100,,6398,23,,,0
2300,'46d9dc64-b71a-40f7-adb2-d359d9a69bc5',605,,6433,23,,,0,100,,6435,23,,,0,100,,6428,23,,,0,100,,6423,23,,,0,100,,6437,23,,,0,30,,6422,23,,,0,70,,6430,23,,,0,30,,6426,23,,,0,70,,6439,23,,,0,30,,6443,23,,,0,70,,6429,23,,,0,30,,6432,23,,,0,70,,6434,23,,,0,30,,6436,23,,,0,70,,6438,23,,,0,30,,6421,23,,,0,70,,6431,23,,,0,30,,6445,23,,,0,70,,6446,23,,,0,30,,6425,23,,,0,70,,6440,23,,,0,100,,6442,23,,,0,100,,6441,23,,,0,100,,6424,23,,,0,100,,6444,23,,,0,100,,6427,23,,,0
2300,'67b24b5a-e659-4c7b-baa6-fdcd9c66198c',605,,6467,23,,,0,30,,6474,23,,,0,70,,6464,23,,,0,30,,6476,23,,,0,70,,6450,23,,,0,30,,6447,23,,,0,70,,6461,23,,,0,30,,6454,23,,,0,70,,6453,23,,,0,30,,6473,23,,,0,70,,6460,23,,,0,30,,6475,23,,,0,70,,6449,23,,,0,30,,6459,23,,,0,70,,6470,23,,,0,30,,6463,23,,,0,70,,6469,23,,,0,30,,6452,23,,,0,70,,6462,23,,,0,30,,6465,23,,,0,70,,6472,23,,,0,30,,6468,23,,,0,70,,6455,23,,,0,30,,6448,23,,,0,70,,6457,23,,,0,100,,6471,23,,,0,100,,6458,23,,,0,100,,6456,23,,,0,100,,6451,23,,,0,100,,6466,23,,,0
2300,'973d8456-b6fb-41ea-957b-0e1777112dd0',605,,6495,23,,,0,100,,6479,23,,,0,100,,6494,23,,,0,100,,6486,23,,,0,100,,6502,23,,,0,30,,6496,23,,,0,70,,6500,23,,,0,30,,6488,23,,,0,70,,6485,23,,,0,30,,6498,23,,,0,70,,6490,23,,,0,30,,6493,23,,,0,70,,6482,23,,,0,30,,6484,23,,,0,70,,6489,23,,,0,30,,6481,23,,,0,70,,6478,23,,,0,30,,6480,23,,,0,70,,6499,23,,,0,30,,6477,23,,,0,70,,6491,23,,,0,100,,6501,23,,,0,100,,6483,23,,,0,100,,6497,23,,,0,100,,6492,23,,,0,100,,6487,23,,,0
2300,'a9ed4dda-1621-4e5b-9bac-0abfa7fd8601',905,,6508,23,,,0,100,,6507,23,,,0,100,,6512,23,,,0,100,,6510,23,,,0,100,,6511,23,,,0,100,,6509,23,,,0,100,,6505,23,,,0,100,,6503,23,,,0,100,,6506,23,,,0,100,,6504,23,,,0
2300,'c6a9f587-91b7-4740-af4c-5ee6be215e3e',905,,6520,23,,,0,100,,6514,23,,,0,100,,6516,23,,,0,100,,6519,23,,,0,100,,6522,23,,,0,100,,6518,23,,,0,100,,6517,23,,,0,100,,6513,23,,,0,100,,6515,23,,,0,100,,6521,23,,,0
2300,'f6d6175b-015f-41c4-bb6e-f3fb65f7b202',905,,6532,23,,,0,100,,6523,23,,,0,100,,6528,23,,,0,100,,6524,23,,,0,100,,6531,23,,,0,100,,6526,23,,,0,100,,6530,23,,,0,100,,6527,23,,,0,100,,6529,23,,,0,100,,6525,23,,,0
100300,'1566a7a5-e049-4449-ad36-997dfbc0ff5e',1427,,6538,23,,,0,30,,6539,23,,,0,70,,6537,23,,,0,30,,6536,23,,,0,70,,6535,23,,,0
100300,'67b24b5a-e659-4c7b-baa6-fdcd9c66198c',1427,,6540,23,,,0,30,,6544,23,,,0,70,,6541,23,,,0,30,,6542,23,,,0,70,,6543,23,,,0
100400,'1566a7a5-e049-4449-ad36-997dfbc0ff5e',627,,6545,11,,,0
100400,'67b24b5a-e659-4c7b-baa6-fdcd9c66198c',627,,6546,11,,,0
