800,'03efaf84-981a-4a44-a791-7dc95a139838',901,,4529,9,,,0,100,,4525,9,,,0,100,,4530,9,,,0,100,,4527,9,,,0,100,,4526,9,,,0,100,,4528,9,,,0,100,,4533,9,,,0,100,,4531,9,,,0,100,,4534,9,,,0,100,,4532,9,,,0
800,'2015f747-2b22-4f8e-845d-b79a5889ca4e',601,,4542,9,,,0,100,,4540,9,,,0,100,,4536,9,,,0,100,,4545,9,,,0,100,,4548,9,,,0,30,,4543,9,,,0,70,,4557,9,,,0,30,,4535,9,,,0,70,,4539,9,,,0,30,,4554,9,,,0,70,,4544,9,,,0,30,,4551,9,,,0,70,,4549,9,,,0,30,,4558,9,,,0,70,,4541,9,,,0,30,,4537,9,,,0,70,,4550,9,,,0,30,,4538,9,,,0,70,,4555,9,,,0,30,,4559,9,,,0,70,,4560,9,,,0,100,,4546,9,,,0,100,,4547,9,,,0,100,,4553,9,,,0,100,,4556,9,,,0,100,,4552,9,,,0
800,'47efc5d5-afa2-4db3-be64-cfe6ff704e1d',901,,4565,9,,,0,100,,4570,9,,,0,100,,4562,9,,,0,100,,4563,9,,,0,100,,4561,9,,,0,100,,4568,9,,,0,100,,4564,9,,,0,100,,4569,9,,,0,100,,4567,9,,,0,100,,4566,9,,,0
800,'66bdea5d-d5c9-4b01-ab9c-34d3bd199595',601,,4574,9,,,0,30,,4581,9,,,0,70,,4591,9,,,0,30,,4592,9,,,0,70,,4594,9,,,0,30,,4590,9,,,0,70,,4588,9,,,0,30,,4600,9,,,0,70,,4578,9,,,0,30,,4585,9,,,0,70,,4577,9,,,0,30,,4599,9,,,0,70,,4586,9,,,0,30,,4597,9,,,0,70,,4573,9,,,0,30,,4571,9,,,0,70,,4580,9,,,0,30,,4572,9,,,0,70,,4593,9,,,0,30,,4596,9,,,0,70,,4589,9,,,0,30,,4579,9,,,0,70,,4584,9,,,0,30,,4598,9,,,0,70,,4595,9,,,0,100,,4575,9,,,0,100,,4576,9,,,0,100,,4582,9,,,0,100,,4587,9,,,0,100,,4583,9,,,0
800,'7f8a98ef-7552-438c-8cf0-7659ffaf9805',601,,4609,9,,,0,30,,4623,9,,,0,70,,4620,9,,,0,30,,4613,9,,,0,70,,4626,9,,,0,30,,4616,9,,,0,70,,4630,9,,,0,30,,4604,9,,,0,70,,4614,9,,,0,30,,4607,9,,,0,70,,4618,9,,,0,30,,4628,9,,,0,70,,4629,9,,,0,30,,4615,9,,,0,70,,4606,9,,,0,30,,4624,9,,,0,70,,4627,9,,,0,30,,4619,9,,,0,70,,4610,9,,,0,30,,4622,9,,,0,70,,4603,9,,,0,30,,4621,9,,,0,70,,4602,9,,,0,30,,4617,9,,,0,70,,4605,9,,,0,100,,4601,9,,,0,100,,4611,9,,,0,100,,4625,9,,,0,100,,4612,9,,,0,100,,4608,9,,,0
800,'90df7812-f7c9-4ca6-ba61-2b2c9c2604e1',601,,4633,9,,,0,100,,4647,9,,,0,100,,4638,9,,,0,100,,4644,9,,,0,100,,4639,9,,,0,30,,4655,9,,,0,70,,4645,9,,,0,30,,4646,9,,,0,70,,4631,9,,,0,30,,4640,9,,,0,70,,4632,9,,,0,30,,4656,9,,,0,70,,4636,9,,,0,30,,4651,9,,,0,70,,4642,9,,,0,30,,4650,9,,,0,70,,4637,9,,,0,30,,4648,9,,,0,70,,4654,9,,,0,30,,4634,9,,,0,70,,4635,9,,,0,100,,4643,9,,,0,100,,4649,9,,,0,100,,4641,9,,,0,100,,4652,9,,,0,100,,4653,9,,,0
800,'d42ada0d-ea72-4040-842e-b57703aa4328',901,,4666,9,,,0,100,,4658,9,,,0,100,,4657,9,,,0,100,,4665,9,,,0,100,,4663,9,,,0,100,,4664,9,,,0,100,,4661,9,,,0,100,,4662,9,,,0,100,,4660,9,,,0,100,,4659,9,,,0
1700,'66bdea5d-d5c9-4b01-ab9c-34d3bd199595',601,,4958,9,,,0,30,,4952,9,,,0,70,,4957,9,,,0,30,,4954,9,,,0,70,,4956,9,,,0,30,,4951,9,,,0,70,,4953,9,,,0,30,,4955,9,,,0
1700,'7f8a98ef-7552-438c-8cf0-7659ffaf9805',601,,4962,9,,,0,30,,4963,9,,,0,70,,4960,9,,,0,30,,4964,9,,,0,70,,4965,9,,,0,30,,4966,9,,,0,70,,4959,9,,,0,30,,4961,9,,,0
1701,'03efaf84-981a-4a44-a791-7dc95a139838',931,,4970,10,,,0,100,,4973,10,,,0,100,,4974,10,,,0,100,,4975,10,,,0,100,,4971,10,,,0,100,,4972,10,,,0,100,,4967,10,,,0,100,,4976,10,,,0,100,,4968,10,,,0,100,,4969,10,,,0
1701,'2015f747-2b22-4f8e-845d-b79a5889ca4e',631,,4985,10,,,0,100,,4981,10,,,0,100,,4979,10,,,0,100,,4990,10,,,0,70,,4994,10,,,0,30,,4988,10,,,0,70,,5002,10,,,0,30,,4993,10,,,0,70,,4982,10,,,0,30,,4992,10,,,0,70,,4978,10,,,0,30,,4999,10,,,0,70,,4977,10,,,0,30,,5001,10,,,0,70,,5000,10,,,0,30,,4980,10,,,0,70,,4984,10,,,0,30,,4998,10,,,0,70,,4997,10,,,0,30,,4996,10,,,0,100,,4995,10,,,0,100,,4991,10,,,0,100,,4986,10,,,0,100,,4989,10,,,0,100,,4983,10,,,0,100,,4987,10,,,0
1701,'47efc5d5-afa2-4db3-be64-cfe6ff704e1d',931,,5004,10,,,0,100,,5011,10,,,0,100,,5003,10,,,0,100,,5010,10,,,0,100,,5006,10,,,0,100,,5008,10,,,0,100,,5012,10,,,0,100,,5007,10,,,0,100,,5009,10,,,0,100,,5005,10,,,0
1701,'66bdea5d-d5c9-4b01-ab9c-34d3bd199595',1001,,5023,10,,,0,30,,5028,10,,,0,70,,5032,10,,,0,30,,5025,10,,,0,70,,5013,10,,,0,30,,5021,10,,,0,70,,5026,10,,,0,30,,5020,10,,,0,70,,5018,10,,,0,30,,5033,10,,,0,70,,5027,10,,,0,30,,5030,10,,,0,70,,5019,10,,,0,30,,5022,10,,,0,70,,5031,10,,,0,30,,5015,10,,,0,100,,5034,10,,,0,100,,5016,10,,,0,100,,5024,10,,,0,100,,5029,10,,,0,100,,5017,10,,,0,100,,5014,10,,,0
1701,'7f8a98ef-7552-438c-8cf0-7659ffaf9805',1001,,5055,10,,,0,30,,5040,10,,,0,70,,5050,10,,,0,30,,5054,10,,,0,70,,5038,10,,,0,30,,5048,10,,,0,70,,5049,10,,,0,30,,5043,10,,,0,70,,5053,10,,,0,30,,5044,10,,,0,70,,5047,10,,,0,30,,5045,10,,,0,70,,5046,10,,,0,30,,5052,10,,,0,70,,5051,10,,,0,30,,5042,10,,,0,100,,5035,10,,,0,100,,5037,10,,,0,100,,5036,10,,,0,100,,5039,10,,,0,100,,5056,10,,,0,100,,5041,10,,,0
1701,'90df7812-f7c9-4ca6-ba61-2b2c9c2604e1',631,,5062,10,,,0,100,,5071,10,,,0,100,,5063,10,,,0,100,,5076,10,,,0,70,,5082,10,,,0,30,,5069,10,,,0,70,,5075,10,,,0,30,,5078,10,,,0,70,,5067,10,,,0,30,,5074,10,,,0,70,,5059,10,,,0,30,,5070,10,,,0,70,,5064,10,,,0,30,,5058,10,,,0,70,,5057,10,,,0,30,,5081,10,,,0,70,,5065,10,,,0,30,,5061,10,,,0,70,,5080,10,,,0,30,,5066,10,,,0,100,,5068,10,,,0,100,,5072,10,,,0,100,,5077,10,,,0,100,,5073,10,,,0,100,,5079,10,,,0,100,,5060,10,,,0
1701,'d42ada0d-ea72-4040-842e-b57703aa4328',931,,5086,10,,,0,100,,5089,10,,,0,100,,5091,10,,,0,100,,5083,10,,,0,100,,5092,10,,,0,100,,5085,10,,,0,100,,5087,10,,,0,100,,5088,10,,,0,100,,5090,10,,,0,100,,5084,10,,,0
2200,'03efaf84-981a-4a44-a791-7dc95a139838',901,,5100,15,,,0,100,,5096,15,,,0,100,,5098,15,,,0,100,,5093,15,,,0,100,,5099,15,,,0,100,,5095,15,,,0,100,,5102,15,,,0,100,,5094,15,,,0,100,,5097,15,,,0,100,,5101,15,,,0
2200,'2015f747-2b22-4f8e-845d-b79a5889ca4e',601,,5104,15,,,0,100,,5119,15,,,0,100,,5105,15,,,0,100,,5123,15,,,0,100,,5107,15,,,0,30,,5124,15,,,0,70,,5112,15,,,0,30,,5109,15,,,0,70,,5118,15,,,0,30,,5121,15,,,0,70,,5115,15,,,0,30,,5126,15,,,0,70,,5110,15,,,0,30,,5128,15,,,0,70,,5108,15,,,0,30,,5117,15,,,0,70,,5103,15,,,0,30,,5122,15,,,0,70,,5120,15,,,0,30,,5114,15,,,0,70,,5125,15,,,0,100,,5111,15,,,0,100,,5116,15,,,0,100,,5106,15,,,0,100,,5127,15,,,0,100,,5113,15,,,0
2200,'47efc5d5-afa2-4db3-be64-cfe6ff704e1d',901,,5129,15,,,0,100,,5133,15,,,0,100,,5138,15,,,0,100,,5135,15,,,0,100,,5134,15,,,0,100,,5130,15,,,0,100,,5136,15,,,0,100,,5132,15,,,0,100,,5131,15,,,0,100,,5137,15,,,0
2200,'66bdea5d-d5c9-4b01-ab9c-34d3bd199595',601,,5149,15,,,0,30,,5140,15,,,0,70,,5152,15,,,0,30,,5165,15,,,0,70,,5141,15,,,0,30,,5163,15,,,0,70,,5159,15,,,0,30,,5145,15,,,0,70,,5139,15,,,0,30,,5166,15,,,0,70,,5155,15,,,0,30,,5153,15,,,0,70,,5160,15,,,0,30,,5143,15,,,0,70,,5158,15,,,0,30,,5144,15,,,0,70,,5142,15,,,0,30,,5148,15,,,0,70,,5156,15,,,0,30,,5154,15,,,0,70,,5151,15,,,0,30,,5162,15,,,0,70,,5146,15,,,0,30,,5164,15,,,0,70,,5168,15,,,0,100,,5150,15,,,0,100,,5147,15,,,0,100,,5167,15,,,0,100,,5157,15,,,0,100,,5161,15,,,0
2200,'7f8a98ef-7552-438c-8cf0-7659ffaf9805',601,,5193,15,,,0,30,,5180,15,,,0,70,,5179,15,,,0,30,,5177,15,,,0,70,,5189,15,,,0,30,,5172,15,,,0,70,,5197,15,,,0,30,,5184,15,,,0,70,,5181,15,,,0,30,,5191,15,,,0,70,,5185,15,,,0,30,,5183,15,,,0,70,,5196,15,,,0,30,,5169,15,,,0,70,,5188,15,,,0,30,,5198,15,,,0,70,,5175,15,,,0,30,,5173,15,,,0,70,,5174,15,,,0,30,,5195,15,,,0,70,,5182,15,,,0,30,,5187,15,,,0,70,,5178,15,,,0,30,,5190,15,,,0,70,,5192,15,,,0,100,,5171,15,,,0,100,,5194,15,,,0,100,,5186,15,,,0,100,,5170,15,,,0,100,,5176,15,,,0
2200,'90df7812-f7c9-4ca6-ba61-2b2c9c2604e1',601,,5215,15,,,0,100,,5203,15,,,0,100,,5223,15,,,0,100,,5202,15,,,0,100,,5211,15,,,0,30,,5212,15,,,0,70,,5219,15,,,0,30,,5213,15,,,0,70,,5216,15,,,0,30,,5222,15,,,0,70,,5210,15,,,0,30,,5207,15,,,0,70,,5199,15,,,0,30,,5208,15,,,0,70,,5221,15,,,0,30,,5220,15,,,0,70,,5204,15,,,0,30,,5205,15,,,0,70,,5209,15,,,0,30,,5218,15,,,0,70,,5206,15,,,0,100,,5217,15,,,0,100,,5224,15,,,0,100,,5214,15,,,0,100,,5200,15,,,0,100,,5201,15,,,0
2200,'d42ada0d-ea72-4040-842e-b57703aa4328',901,,5226,15,,,0,100,,5230,15,,,0,100,,5231,15,,,0,100,,5229,15,,,0,100,,5225,15,,,0,100,,5232,15,,,0,100,,5228,15,,,0,100,,5234,15,,,0,100,,5227,15,,,0,100,,5233,15,,,0
