1400,'1566a7a5-e049-4449-ad36-997dfbc0ff5e',601,,5834,6,,,0,30,,5832,6,,,0,70,,5823,6,,,0,30,,5838,6,,,0,70,,5849,6,,,0,30,,5827,6,,,0,70,,5826,6,,,0,30,,5839,6,,,0,70,,5851,6,,,0,30,,5824,6,,,0,70,,5825,6,,,0,30,,5844,6,,,0,70,,5836,6,,,0,30,,5837,6,,,0,70,,5852,6,,,0,30,,5835,6,,,0,70,,5833,6,,,0,30,,5828,6,,,0,70,,5843,6,,,0,30,,5830,6,,,0,70,,5840,6,,,0,30,,5848,6,,,0,70,,5831,6,,,0,30,,5841,6,,,0,100,,5850,6,,,0,100,,5847,6,,,0,100,,5842,6,,,0,100,,5829,6,,,0,100,,5846,6,,,0,100,,5845,6,,,0
1400,'46d9dc64-b71a-40f7-adb2-d359d9a69bc5',631,,5877,6,,,0,100,,5863,6,,,0,100,,5866,6,,,0,100,,5867,6,,,0,70,,5871,6,,,0,30,,5870,6,,,0,70,,5857,6,,,0,30,,5874,6,,,0,70,,5861,6,,,0,30,,5876,6,,,0,70,,5878,6,,,0,30,,5855,6,,,0,70,,5869,6,,,0,30,,5856,6,,,0,70,,5872,6,,,0,30,,5853,6,,,0,70,,5860,6,,,0,30,,5865,6,,,0,70,,5873,6,,,0,30,,5862,6,,,0,100,,5858,6,,,0,100,,5868,6,,,0,100,,5875,6,,,0,100,,5854,6,,,0,100,,5859,6,,,0,100,,5864,6,,,0
1400,'67b24b5a-e659-4c7b-baa6-fdcd9c66198c',601,,5893,6,,,0,30,,5895,6,,,0,70,,5905,6,,,0,30,,5896,6,,,0,70,,5881,6,,,0,30,,5882,6,,,0,70,,5883,6,,,0,30,,5888,6,,,0,70,,5891,6,,,0,30,,5897,6,,,0,70,,5902,6,,,0,30,,5901,6,,,0,70,,5886,6,,,0,30,,5880,6,,,0,70,,5885,6,,,0,30,,5904,6,,,0,70,,5884,6,,,0,30,,5908,6,,,0,70,,5903,6,,,0,30,,5900,6,,,0,70,,5890,6,,,0,30,,5907,6,,,0,70,,5892,6,,,0,30,,5889,6,,,0,100,,5879,6,,,0,100,,5894,6,,,0,100,,5899,6,,,0,100,,5906,6,,,0,100,,5887,6,,,0,100,,5898,6,,,0
1400,'973d8456-b6fb-41ea-957b-0e1777112dd0',631,,5916,6,,,0,100,,5923,6,,,0,100,,5928,6,,,0,100,,5925,6,,,0,70,,5927,6,,,0,30,,5922,6,,,0,70,,5910,6,,,0,30,,5921,6,,,0,70,,5909,6,,,0,30,,5914,6,,,0,70,,5918,6,,,0,30,,5931,6,,,0,70,,5915,6,,,0,30,,5919,6,,,0,70,,5911,6,,,0,30,,5930,6,,,0,70,,5913,6,,,0,30,,5933,6,,,0,70,,5926,6,,,0,30,,5932,6,,,0,100,,5934,6,,,0,100,,5917,6,,,0,100,,5924,6,,,0,100,,5929,6,,,0,100,,5920,6,,,0,100,,5912,6,,,0
1400,'a9ed4dda-1621-4e5b-9bac-0abfa7fd8601',931,,5941,6,,,0,100,,5935,6,,,0,100,,5939,6,,,0,100,,5937,6,,,0,100,,5940,6,,,0,100,,5936,6,,,0,100,,5938,6,,,0,100,,5944,6,,,0,100,,5943,6,,,0,100,,5942,6,,,0
1400,'c6a9f587-91b7-4740-af4c-5ee6be215e3e',931,,5946,6,,,0,100,,5952,6,,,0,100,,5954,6,,,0,100,,5953,6,,,0,100,,5950,6,,,0,100,,5947,6,,,0,100,,5949,6,,,0,100,,5945,6,,,0,100,,5948,6,,,0,100,,5951,6,,,0
1400,'f6d6175b-015f-41c4-bb6e-f3fb65f7b202',931,,5958,6,,,0,100,,5961,6,,,0,100,,5962,6,,,0,100,,5960,6,,,0,100,,5957,6,,,0,100,,5955,6,,,0,100,,5963,6,,,0,100,,5956,6,,,0,100,,5964,6,,,0,100,,5959,6,,,0
1500,'1566a7a5-e049-4449-ad36-997dfbc0ff5e',619,,5983,72,,,0,30,,5985,72,,,0,70,,5978,72,,,0,30,,5972,72,,,0,70,,5989,72,,,0,30,,5975,72,,,0,70,,5984,72,,,0,30,,5976,72,,,0,70,,5973,72,,,0,30,,5979,72,,,0,70,,5971,72,,,0,30,,5974,72,,,0,70,,5980,72,,,0,30,,5969,72,,,0,70,,5965,72,,,0,30,,5981,72,,,0,70,,5986,72,,,0,30,,5970,72,,,0,70,,5988,72,,,0,30,,5968,72,,,0,70,,5994,72,,,0,30,,5991,72,,,0,70,,5982,72,,,0,30,,5977,72,,,0,100,,5990,72,,,0,100,,5966,72,,,0,100,,5987,72,,,0,100,,5992,72,,,0,100,,5993,72,,,0,100,,5967,72,,,0
1500,'46d9dc64-b71a-40f7-adb2-d359d9a69bc5',649,,6002,72,,,0,100,,6009,72,,,0,100,,6003,72,,,0,100,,6004,72,,,0,70,,6000,72,,,0,30,,6017,72,,,0,70,,6016,72,,,0,30,,6007,72,,,0,70,,6013,72,,,0,30,,6010,72,,,0,70,,6014,72,,,0,30,,6020,72,,,0,70,,6012,72,,,0,30,,5998,72,,,0,70,,6005,72,,,0,30,,6006,72,,,0,70,,5999,72,,,0,30,,5996,72,,,0,70,,6018,72,,,0,30,,5995,72,,,0,100,,6015,72,,,0,100,,6008,72,,,0,100,,6001,72,,,0,100,,6019,72,,,0,100,,5997,72,,,0,100,,6011,72,,,0
1500,'67b24b5a-e659-4c7b-baa6-fdcd9c66198c',619,,6035,72,,,0,30,,6050,72,,,0,70,,6048,72,,,0,30,,6022,72,,,0,70,,6042,72,,,0,30,,6045,72,,,0,70,,6047,72,,,0,30,,6025,72,,,0,70,,6036,72,,,0,30,,6030,72,,,0,70,,6031,72,,,0,30,,6024,72,,,0,70,,6033,72,,,0,30,,6049,72,,,0,70,,6028,72,,,0,30,,6026,72,,,0,70,,6037,72,,,0,30,,6032,72,,,0,70,,6029,72,,,0,30,,6021,72,,,0,70,,6038,72,,,0,30,,6034,72,,,0,70,,6044,72,,,0,30,,6043,72,,,0,100,,6039,72,,,0,100,,6041,72,,,0,100,,6023,72,,,0,100,,6040,72,,,0,100,,6046,72,,,0,100,,6027,72,,,0
1500,'973d8456-b6fb-41ea-957b-0e1777112dd0',649,,6060,72,,,0,100,,6054,72,,,0,100,,6065,72,,,0,100,,6057,72,,,0,70,,6076,72,,,0,30,,6074,72,,,0,70,,6055,72,,,0,30,,6061,72,,,0,70,,6063,72,,,0,30,,6071,72,,,0,70,,6075,72,,,0,30,,6062,72,,,0,70,,6064,72,,,0,30,,6067,72,,,0,70,,6052,72,,,0,30,,6072,72,,,0,70,,6051,72,,,0,30,,6058,72,,,0,70,,6053,72,,,0,30,,6059,72,,,0,100,,6066,72,,,0,100,,6069,72,,,0,100,,6070,72,,,0,100,,6073,72,,,0,100,,6056,72,,,0,100,,6068,72,,,0
1500,'a9ed4dda-1621-4e5b-9bac-0abfa7fd8601',949,,6083,72,,,0,100,,6079,72,,,0,100,,6078,72,,,0,100,,6082,72,,,0,100,,6086,72,,,0,100,,6081,72,,,0,100,,6077,72,,,0,100,,6085,72,,,0,100,,6084,72,,,0,100,,6080,72,,,0
1500,'c6a9f587-91b7-4740-af4c-5ee6be215e3e',949,,6089,72,,,0,100,,6094,72,,,0,100,,6093,72,,,0,100,,6096,72,,,0,100,,6092,72,,,0,100,,6087,72,,,0,100,,6088,72,,,0,100,,6095,72,,,0,100,,6090,72,,,0,100,,6091,72,,,0
1500,'f6d6175b-015f-41c4-bb6e-f3fb65f7b202',949,,6103,72,,,0,100,,6105,72,,,0,100,,6104,72,,,0,100,,6102,72,,,0,100,,6106,72,,,0,100,,6098,72,,,0,103,,6097,72,,,0,97,,6100,72,,,0,103,,6101,72,,,0,100,,6099,72,,,0
2200,'1566a7a5-e049-4449-ad36-997dfbc0ff5e',600,,6259,6,,,0,30,,6276,6,,,0,70,,6261,6,,,0,30,,6264,6,,,0,70,,6260,6,,,0,30,,6275,6,,,0,70,,6256,6,,,0,30,,6277,6,,,0,70,,6253,6,,,0,30,,6268,6,,,0,70,,6267,6,,,0,30,,6273,6,,,0,70,,6270,6,,,0,30,,6271,6,,,0,70,,6251,6,,,0,30,,6258,6,,,0,70,,6254,6,,,0,30,,6265,6,,,0,70,,6269,6,,,0,30,,6252,6,,,0,70,,6274,6,,,0,30,,6257,6,,,0,70,,6262,6,,,0,30,,6278,6,,,0,70,,6263,6,,,0,100,,6272,6,,,0,100,,6249,6,,,0,100,,6255,6,,,0,100,,6266,6,,,0,100,,6250,6,,,0
2200,'46d9dc64-b71a-40f7-adb2-d359d9a69bc5',600,,6302,6,,,0,100,,6279,6,,,0,100,,6288,6,,,0,100,,6280,6,,,0,100,,6297,6,,,0,30,,6290,6,,,0,70,,6304,6,,,0,30,,6293,6,,,0,70,,6303,6,,,0,30,,6284,6,,,0,70,,6281,6,,,0,30,,6292,6,,,0,70,,6299,6,,,0,30,,6294,6,,,0,70,,6301,6,,,0,30,,6283,6,,,0,70,,6300,6,,,0,30,,6298,6,,,0,70,,6291,6,,,0,30,,6295,6,,,0,70,,6289,6,,,0,100,,6296,6,,,0,100,,6287,6,,,0,100,,6286,6,,,0,100,,6282,6,,,0,100,,6285,6,,,0
2200,'67b24b5a-e659-4c7b-baa6-fdcd9c66198c',600,,6327,6,,,0,30,,6307,6,,,0,70,,6320,6,,,0,30,,6321,6,,,0,70,,6331,6,,,0,30,,6319,6,,,0,70,,6322,6,,,0,30,,6323,6,,,0,70,,6333,6,,,0,30,,6332,6,,,0,70,,6306,6,,,0,30,,6329,6,,,0,70,,6308,6,,,0,30,,6325,6,,,0,70,,6334,6,,,0,30,,6314,6,,,0,70,,6311,6,,,0,30,,6310,6,,,0,70,,6326,6,,,0,30,,6309,6,,,0,70,,6324,6,,,0,30,,6328,6,,,0,70,,6315,6,,,0,30,,6305,6,,,0,70,,6318,6,,,0,100,,6313,6,,,0,100,,6317,6,,,0,100,,6316,6,,,0,100,,6312,6,,,0,100,,6330,6,,,0
2200,'973d8456-b6fb-41ea-957b-0e1777112dd0',600,,6336,6,,,0,100,,6335,6,,,0,100,,6337,6,,,0,100,,6359,6,,,0,100,,6339,6,,,0,30,,6350,6,,,0,70,,6358,6,,,0,30,,6342,6,,,0,70,,6349,6,,,0,30,,6338,6,,,0,70,,6356,6,,,0,30,,6340,6,,,0,70,,6341,6,,,0,30,,6347,6,,,0,70,,6351,6,,,0,30,,6345,6,,,0,70,,6354,6,,,0,30,,6344,6,,,0,70,,6357,6,,,0,30,,6343,6,,,0,70,,6346,6,,,0,100,,6355,6,,,0,100,,6353,6,,,0,100,,6352,6,,,0,100,,6348,6,,,0,100,,6360,6,,,0
2200,'a9ed4dda-1621-4e5b-9bac-0abfa7fd8601',900,,6363,6,,,0,100,,6368,6,,,0,100,,6369,6,,,0,100,,6370,6,,,0,100,,6364,6,,,0,100,,6362,6,,,0,100,,6366,6,,,0,100,,6367,6,,,0,100,,6365,6,,,0,100,,6361,6,,,0
2200,'c6a9f587-91b7-4740-af4c-5ee6be215e3e',900,,6371,6,,,0,100,,6375,6,,,0,100,,6379,6,,,0,100,,6374,6,,,0,100,,6372,6,,,0,100,,6373,6,,,0,100,,6380,6,,,0,100,,6377,6,,,0,100,,6376,6,,,0,100,,6378,6,,,0
2200,'f6d6175b-015f-41c4-bb6e-f3fb65f7b202',900,,6388,6,,,0,100,,6385,6,,,0,100,,6384,6,,,0,100,,6381,6,,,0,100,,6389,6,,,0,100,,6382,6,,,0,100,,6383,6,,,0,100,,6390,6,,,0,100,,6387,6,,,0,100,,6386,6,,,0
