800,'1566a7a5-e049-4449-ad36-997dfbc0ff5e',621,,5694,79,,,0,30,,5705,79,,,0,70,,5686,79,,,0,30,,5683,79,,,0,70,,5703,79,,,0,30,,5681,79,,,0,70,,5707,79,,,0,30,,5695,79,,,0,70,,5709,79,,,0,30,,5688,79,,,0,70,,5702,79,,,0,30,,5706,79,,,0,70,,5701,79,,,0,30,,5710,79,,,0,70,,5684,79,,,0,30,,5704,79,,,0,70,,5691,79,,,0,30,,5693,79,,,0,70,,5687,79,,,0,30,,5692,79,,,0,70,,5708,79,,,0,30,,5685,79,,,0,70,,5690,79,,,0,30,,5699,79,,,0,70,,5697,79,,,0,100,,5698,79,,,0,100,,5696,79,,,0,100,,5700,79,,,0,100,,5689,79,,,0,100,,5682,79,,,0
800,'46d9dc64-b71a-40f7-adb2-d359d9a69bc5',621,,5714,79,,,0,100,,5734,79,,,0,100,,5718,79,,,0,100,,5733,79,,,0,100,,5722,79,,,0,30,,5721,79,,,0,70,,5729,79,,,0,30,,5719,79,,,0,70,,5712,79,,,0,30,,5730,79,,,0,70,,5726,79,,,0,30,,5723,79,,,0,70,,5713,79,,,0,30,,5715,79,,,0,70,,5725,79,,,0,30,,5731,79,,,0,70,,5711,79,,,0,30,,5728,79,,,0,70,,5736,79,,,0,30,,5724,79,,,0,70,,5732,79,,,0,100,,5720,79,,,0,100,,5716,79,,,0,100,,5717,79,,,0,100,,5735,79,,,0,100,,5727,79,,,0
800,'67b24b5a-e659-4c7b-baa6-fdcd9c66198c',621,,5762,79,,,0,30,,5742,79,,,0,70,,5756,79,,,0,30,,5737,79,,,0,70,,5763,79,,,0,30,,5765,79,,,0,70,,5750,79,,,0,30,,5764,79,,,0,70,,5747,79,,,0,30,,5738,79,,,0,70,,5758,79,,,0,30,,5757,79,,,0,70,,5751,79,,,0,30,,5754,79,,,0,70,,5740,79,,,0,30,,5744,79,,,0,70,,5753,79,,,0,30,,5761,79,,,0,70,,5755,79,,,0,30,,5752,79,,,0,70,,5760,79,,,0,30,,5745,79,,,0,70,,5766,79,,,0,30,,5759,79,,,0,70,,5743,79,,,0,100,,5739,79,,,0,100,,5748,79,,,0,100,,5741,79,,,0,100,,5749,79,,,0,100,,5746,79,,,0
800,'973d8456-b6fb-41ea-957b-0e1777112dd0',621,,5787,79,,,0,100,,5774,79,,,0,100,,5790,79,,,0,100,,5768,79,,,0,100,,5779,79,,,0,30,,5788,79,,,0,70,,5773,79,,,0,30,,5781,79,,,0,70,,5783,79,,,0,30,,5770,79,,,0,70,,5771,79,,,0,30,,5791,79,,,0,70,,5785,79,,,0,30,,5777,79,,,0,70,,5772,79,,,0,30,,5767,79,,,0,70,,5769,79,,,0,30,,5775,79,,,0,70,,5786,79,,,0,30,,5784,79,,,0,70,,5782,79,,,0,100,,5778,79,,,0,100,,5789,79,,,0,100,,5792,79,,,0,100,,5776,79,,,0,100,,5780,79,,,0
800,'a9ed4dda-1621-4e5b-9bac-0abfa7fd8601',921,,5802,79,,,0,100,,5797,79,,,0,100,,5798,79,,,0,100,,5793,79,,,0,100,,5799,79,,,0,100,,5794,79,,,0,100,,5800,79,,,0,100,,5796,79,,,0,100,,5801,79,,,0,100,,5795,79,,,0
800,'c6a9f587-91b7-4740-af4c-5ee6be215e3e',921,,5812,79,,,0,100,,5805,79,,,0,100,,5809,79,,,0,100,,5808,79,,,0,100,,5810,79,,,0,100,,5806,79,,,0,100,,5803,79,,,0,100,,5804,79,,,0,100,,5811,79,,,0,100,,5807,79,,,0
800,'f6d6175b-015f-41c4-bb6e-f3fb65f7b202',922,,5814,79,,,0,100,,5822,79,,,0,100,,5815,79,,,0,100,,5818,79,,,0,100,,5813,79,,,0,100,,5816,79,,,0,100,,5821,79,,,0,101,,5819,79,,,0,99,,5817,79,,,0,100,,5820,79,,,0
2200,'1566a7a5-e049-4449-ad36-997dfbc0ff5e',622,,6259,128,,,0,30,,6276,128,,,0,70,,6261,128,,,0,30,,6264,128,,,0,70,,6260,128,,,0,30,,6275,128,,,0,70,,6256,128,,,0,30,,6277,128,,,0,70,,6253,128,,,0,30,,6268,128,,,0,70,,6267,128,,,0,30,,6273,128,,,0,70,,6270,128,,,0,30,,6271,128,,,0,70,,6251,128,,,0,30,,6258,128,,,0,70,,6254,128,,,0,30,,6265,128,,,0,70,,6269,128,,,0,30,,6252,128,,,0,70,,6274,128,,,0,30,,6257,128,,,0,70,,6262,128,,,0,30,,6278,128,,,0,70,,6263,128,,,0,100,,6272,128,,,0,100,,6249,128,,,0,100,,6255,128,,,0,100,,6266,128,,,0,100,,6250,128,,,0
2200,'46d9dc64-b71a-40f7-adb2-d359d9a69bc5',622,,6302,128,,,0,100,,6279,128,,,0,100,,6288,128,,,0,100,,6280,128,,,0,100,,6297,128,,,0,30,,6290,128,,,0,70,,6304,128,,,0,30,,6293,128,,,0,70,,6303,128,,,0,30,,6284,128,,,0,70,,6281,128,,,0,30,,6292,128,,,0,70,,6299,128,,,0,30,,6294,128,,,0,70,,6301,128,,,0,30,,6283,128,,,0,70,,6300,128,,,0,30,,6298,128,,,0,70,,6291,128,,,0,30,,6295,128,,,0,70,,6289,128,,,0,100,,6296,128,,,0,100,,6287,128,,,0,100,,6286,128,,,0,100,,6282,128,,,0,100,,6285,128,,,0
2200,'67b24b5a-e659-4c7b-baa6-fdcd9c66198c',622,,6327,128,,,0,30,,6307,128,,,0,70,,6320,128,,,0,30,,6321,128,,,0,70,,6331,128,,,0,30,,6319,128,,,0,70,,6322,128,,,0,30,,6323,128,,,0,70,,6333,128,,,0,30,,6332,128,,,0,70,,6306,128,,,0,30,,6329,128,,,0,70,,6308,128,,,0,30,,6325,128,,,0,70,,6334,128,,,0,30,,6314,128,,,0,70,,6311,128,,,0,30,,6310,128,,,0,70,,6326,128,,,0,30,,6309,128,,,0,70,,6324,128,,,0,30,,6328,128,,,0,70,,6315,128,,,0,30,,6305,128,,,0,70,,6318,128,,,0,100,,6313,128,,,0,100,,6317,128,,,0,100,,6316,128,,,0,100,,6312,128,,,0,100,,6330,128,,,0
2200,'973d8456-b6fb-41ea-957b-0e1777112dd0',622,,6336,128,,,0,100,,6335,128,,,0,100,,6337,128,,,0,100,,6359,128,,,0,100,,6339,128,,,0,30,,6350,128,,,0,70,,6358,128,,,0,30,,6342,128,,,0,70,,6349,128,,,0,30,,6338,128,,,0,70,,6356,128,,,0,30,,6340,128,,,0,70,,6341,128,,,0,30,,6347,128,,,0,70,,6351,128,,,0,30,,6345,128,,,0,70,,6354,128,,,0,30,,6344,128,,,0,70,,6357,128,,,0,30,,6343,128,,,0,70,,6346,128,,,0,100,,6355,128,,,0,100,,6353,128,,,0,100,,6352,128,,,0,100,,6348,128,,,0,100,,6360,128,,,0
2200,'a9ed4dda-1621-4e5b-9bac-0abfa7fd8601',922,,6363,128,,,0,100,,6368,128,,,0,100,,6369,128,,,0,100,,6370,128,,,0,100,,6364,128,,,0,100,,6362,128,,,0,100,,6366,128,,,0,100,,6367,128,,,0,100,,6365,128,,,0,100,,6361,128,,,0
2200,'c6a9f587-91b7-4740-af4c-5ee6be215e3e',922,,6371,128,,,0,100,,6375,128,,,0,100,,6379,128,,,0,100,,6374,128,,,0,100,,6372,128,,,0,100,,6373,128,,,0,100,,6380,128,,,0,100,,6377,128,,,0,100,,6376,128,,,0,100,,6378,128,,,0
2200,'f6d6175b-015f-41c4-bb6e-f3fb65f7b202',922,,6388,128,,,0,100,,6385,128,,,0,100,,6384,128,,,0,100,,6381,128,,,0,100,,6389,128,,,0,100,,6382,128,,,0,100,,6383,128,,,0,100,,6390,128,,,0,100,,6387,128,,,0,100,,6386,128,,,0
