2300,'03efaf84-981a-4a44-a791-7dc95a139838',912,,5236,50,,,0,100,,5238,50,,,0,100,,5242,50,,,0,100,,5240,50,,,0,100,,5235,50,,,0,100,,5243,50,,,0,100,,5244,50,,,0,100,,5241,50,,,0,100,,5237,50,,,0,100,,5239,50,,,0
2300,'2015f747-2b22-4f8e-845d-b79a5889ca4e',612,,5248,50,,,0,100,,5252,50,,,0,100,,5247,50,,,0,100,,5246,50,,,0,100,,5270,50,,,0,30,,5260,50,,,0,70,,5261,50,,,0,30,,5245,50,,,0,70,,5265,50,,,0,30,,5266,50,,,0,70,,5263,50,,,0,30,,5251,50,,,0,70,,5269,50,,,0,30,,5262,50,,,0,70,,5259,50,,,0,30,,5253,50,,,0,70,,5264,50,,,0,30,,5258,50,,,0,70,,5268,50,,,0,30,,5267,50,,,0,70,,5257,50,,,0,100,,5255,50,,,0,100,,5254,50,,,0,100,,5256,50,,,0,100,,5249,50,,,0,100,,5250,50,,,0
2300,'47efc5d5-afa2-4db3-be64-cfe6ff704e1d',912,,5272,50,,,0,100,,5275,50,,,0,100,,5273,50,,,0,100,,5277,50,,,0,100,,5278,50,,,0,100,,5271,50,,,0,100,,5279,50,,,0,100,,5280,50,,,0,100,,5276,50,,,0,100,,5274,50,,,0
2300,'66bdea5d-d5c9-4b01-ab9c-34d3bd199595',612,,5299,50,,,0,30,,5284,50,,,0,70,,5287,50,,,0,30,,5295,50,,,0,70,,5303,50,,,0,30,,5308,50,,,0,70,,5307,50,,,0,30,,5286,50,,,0,70,,5288,50,,,0,30,,5306,50,,,0,70,,5298,50,,,0,30,,5285,50,,,0,70,,5291,50,,,0,30,,5305,50,,,0,70,,5283,50,,,0,30,,5292,50,,,0,70,,5281,50,,,0,30,,5282,50,,,0,70,,5301,50,,,0,30,,5304,50,,,0,70,,5300,50,,,0,30,,5310,50,,,0,70,,5293,50,,,0,30,,5297,50,,,0,70,,5290,50,,,0,100,,5289,50,,,0,100,,5309,50,,,0,100,,5296,50,,,0,100,,5294,50,,,0,100,,5302,50,,,0
2300,'7f8a98ef-7552-438c-8cf0-7659ffaf9805',612,,5318,50,,,0,30,,5338,50,,,0,70,,5330,50,,,0,30,,5313,50,,,0,70,,5332,50,,,0,30,,5321,50,,,0,70,,5324,50,,,0,30,,5337,50,,,0,70,,5333,50,,,0,30,,5340,50,,,0,70,,5320,50,,,0,30,,5315,50,,,0,70,,5325,50,,,0,30,,5339,50,,,0,70,,5311,50,,,0,30,,5326,50,,,0,70,,5322,50,,,0,30,,5312,50,,,0,70,,5331,50,,,0,30,,5323,50,,,0,70,,5335,50,,,0,30,,5316,50,,,0,70,,5314,50,,,0,30,,5329,50,,,0,70,,5328,50,,,0,100,,5336,50,,,0,100,,5319,50,,,0,100,,5334,50,,,0,100,,5327,50,,,0,100,,5317,50,,,0
2300,'90df7812-f7c9-4ca6-ba61-2b2c9c2604e1',612,,5359,50,,,0,100,,5361,50,,,0,100,,5352,50,,,0,100,,5354,50,,,0,100,,5355,50,,,0,30,,5351,50,,,0,70,,5347,50,,,0,30,,5350,50,,,0,70,,5349,50,,,0,30,,5365,50,,,0,70,,5364,50,,,0,30,,5342,50,,,0,70,,5345,50,,,0,30,,5346,50,,,0,70,,5341,50,,,0,30,,5360,50,,,0,70,,5353,50,,,0,30,,5344,50,,,0,70,,5343,50,,,0,30,,5363,50,,,0,70,,5366,50,,,0,100,,5362,50,,,0,100,,5356,50,,,0,100,,5358,50,,,0,100,,5348,50,,,0,100,,5357,50,,,0
2300,'d42ada0d-ea72-4040-842e-b57703aa4328',912,,5375,50,,,0,100,,5368,50,,,0,100,,5372,50,,,0,100,,5373,50,,,0,100,,5376,50,,,0,100,,5369,50,,,0,100,,5370,50,,,0,100,,5367,50,,,0,100,,5374,50,,,0,100,,5371,50,,,0
100100,'66bdea5d-d5c9-4b01-ab9c-34d3bd199595',600,,5377,90,,,0
100100,'7f8a98ef-7552-438c-8cf0-7659ffaf9805',600,,5378,90,,,0
100300,'66bdea5d-d5c9-4b01-ab9c-34d3bd199595',1405,,5382,11,,,0,30,,5380,11,,,0,70,,5383,11,,,0,30,,5379,11,,,0,70,,5381,11,,,0
100300,'7f8a98ef-7552-438c-8cf0-7659ffaf9805',1405,,5388,11,,,0,30,,5387,11,,,0,70,,5386,11,,,0,30,,5385,11,,,0,70,,5384,11,,,0
100400,'66bdea5d-d5c9-4b01-ab9c-34d3bd199595',634,,5389,28,,,0
100400,'7f8a98ef-7552-438c-8cf0-7659ffaf9805',634,,5390,28,,,0
100900,'66bdea5d-d5c9-4b01-ab9c-34d3bd199595',2600,,5395,4,4,,0
100900,'7f8a98ef-7552-438c-8cf0-7659ffaf9805',2600,,5396,4,4,,0
