800,'1566a7a5-e049-4449-ad36-997dfbc0ff5e',603,,5694,14,,,0,30,,5705,14,,,0,70,,5686,14,,,0,30,,5683,14,,,0,70,,5703,14,,,0,30,,5681,14,,,0,70,,5707,14,,,0,30,,5695,14,,,0,70,,5709,14,,,0,30,,5688,14,,,0,70,,5702,14,,,0,30,,5706,14,,,0,70,,5701,14,,,0,30,,5710,14,,,0,70,,5684,14,,,0,30,,5704,14,,,0,70,,5691,14,,,0,30,,5693,14,,,0,70,,5687,14,,,0,30,,5692,14,,,0,70,,5708,14,,,0,30,,5685,14,,,0,70,,5690,14,,,0,30,,5699,14,,,0,70,,5697,14,,,0,100,,5698,14,,,0,100,,5696,14,,,0,100,,5700,14,,,0,100,,5689,14,,,0,100,,5682,14,,,0
800,'46d9dc64-b71a-40f7-adb2-d359d9a69bc5',603,,5714,14,,,0,100,,5734,14,,,0,100,,5718,14,,,0,100,,5733,14,,,0,100,,5722,14,,,0,30,,5721,14,,,0,70,,5729,14,,,0,30,,5719,14,,,0,70,,5712,14,,,0,30,,5730,14,,,0,70,,5726,14,,,0,30,,5723,14,,,0,70,,5713,14,,,0,30,,5715,14,,,0,70,,5725,14,,,0,30,,5731,14,,,0,70,,5711,14,,,0,30,,5728,14,,,0,70,,5736,14,,,0,30,,5724,14,,,0,70,,5732,14,,,0,100,,5720,14,,,0,100,,5716,14,,,0,100,,5717,14,,,0,100,,5735,14,,,0,100,,5727,14,,,0
800,'67b24b5a-e659-4c7b-baa6-fdcd9c66198c',603,,5762,14,,,0,30,,5742,14,,,0,70,,5756,14,,,0,30,,5737,14,,,0,70,,5763,14,,,0,30,,5765,14,,,0,70,,5750,14,,,0,30,,5764,14,,,0,70,,5747,14,,,0,30,,5738,14,,,0,70,,5758,14,,,0,30,,5757,14,,,0,70,,5751,14,,,0,30,,5754,14,,,0,70,,5740,14,,,0,30,,5744,14,,,0,70,,5753,14,,,0,30,,5761,14,,,0,70,,5755,14,,,0,30,,5752,14,,,0,70,,5760,14,,,0,30,,5745,14,,,0,70,,5766,14,,,0,30,,5759,14,,,0,70,,5743,14,,,0,100,,5739,14,,,0,100,,5748,14,,,0,100,,5741,14,,,0,100,,5749,14,,,0,100,,5746,14,,,0
800,'973d8456-b6fb-41ea-957b-0e1777112dd0',603,,5787,14,,,0,100,,5774,14,,,0,100,,5790,14,,,0,100,,5768,14,,,0,100,,5779,14,,,0,30,,5788,14,,,0,70,,5773,14,,,0,30,,5781,14,,,0,70,,5783,14,,,0,30,,5770,14,,,0,70,,5771,14,,,0,30,,5791,14,,,0,70,,5785,14,,,0,30,,5777,14,,,0,70,,5772,14,,,0,30,,5767,14,,,0,70,,5769,14,,,0,30,,5775,14,,,0,70,,5786,14,,,0,30,,5784,14,,,0,70,,5782,14,,,0,100,,5778,14,,,0,100,,5789,14,,,0,100,,5792,14,,,0,100,,5776,14,,,0,100,,5780,14,,,0
800,'a9ed4dda-1621-4e5b-9bac-0abfa7fd8601',903,,5802,14,,,0,100,,5797,14,,,0,100,,5798,14,,,0,100,,5793,14,,,0,100,,5799,14,,,0,100,,5794,14,,,0,100,,5800,14,,,0,100,,5796,14,,,0,100,,5801,14,,,0,100,,5795,14,,,0
800,'c6a9f587-91b7-4740-af4c-5ee6be215e3e',903,,5812,14,,,0,100,,5805,14,,,0,100,,5809,14,,,0,100,,5808,14,,,0,100,,5810,14,,,0,100,,5806,14,,,0,100,,5803,14,,,0,100,,5804,14,,,0,100,,5811,14,,,0,100,,5807,14,,,0
800,'f6d6175b-015f-41c4-bb6e-f3fb65f7b202',903,,5814,14,,,0,100,,5822,14,,,0,100,,5815,14,,,0,100,,5818,14,,,0,100,,5813,14,,,0,100,,5816,14,,,0,100,,5821,14,,,0,100,,5819,14,,,0,100,,5817,14,,,0,100,,5820,14,,,0
2200,'1566a7a5-e049-4449-ad36-997dfbc0ff5e',603,,6259,25,,,0,30,,6276,25,,,0,70,,6261,25,,,0,30,,6264,25,,,0,70,,6260,25,,,0,30,,6275,25,,,0,70,,6256,25,,,0,30,,6277,25,,,0,70,,6253,25,,,0,30,,6268,25,,,0,70,,6267,25,,,0,30,,6273,25,,,0,70,,6270,25,,,0,30,,6271,25,,,0,70,,6251,25,,,0,30,,6258,25,,,0,70,,6254,25,,,0,30,,6265,25,,,0,70,,6269,25,,,0,30,,6252,25,,,0,70,,6274,25,,,0,30,,6257,25,,,0,70,,6262,25,,,0,30,,6278,25,,,0,70,,6263,25,,,0,100,,6272,25,,,0,100,,6249,25,,,0,100,,6255,25,,,0,100,,6266,25,,,0,100,,6250,25,,,0
2200,'46d9dc64-b71a-40f7-adb2-d359d9a69bc5',603,,6302,25,,,0,100,,6279,25,,,0,100,,6288,25,,,0,100,,6280,25,,,0,100,,6297,25,,,0,30,,6290,25,,,0,70,,6304,25,,,0,30,,6293,25,,,0,70,,6303,25,,,0,30,,6284,25,,,0,70,,6281,25,,,0,30,,6292,25,,,0,70,,6299,25,,,0,30,,6294,25,,,0,70,,6301,25,,,0,30,,6283,25,,,0,70,,6300,25,,,0,30,,6298,25,,,0,70,,6291,25,,,0,30,,6295,25,,,0,70,,6289,25,,,0,100,,6296,25,,,0,100,,6287,25,,,0,100,,6286,25,,,0,100,,6282,25,,,0,100,,6285,25,,,0
2200,'67b24b5a-e659-4c7b-baa6-fdcd9c66198c',603,,6327,25,,,0,30,,6307,25,,,0,70,,6320,25,,,0,30,,6321,25,,,0,70,,6331,25,,,0,30,,6319,25,,,0,70,,6322,25,,,0,30,,6323,25,,,0,70,,6333,25,,,0,30,,6332,25,,,0,70,,6306,25,,,0,30,,6329,25,,,0,70,,6308,25,,,0,30,,6325,25,,,0,70,,6334,25,,,0,30,,6314,25,,,0,70,,6311,25,,,0,30,,6310,25,,,0,70,,6326,25,,,0,30,,6309,25,,,0,70,,6324,25,,,0,30,,6328,25,,,0,70,,6315,25,,,0,30,,6305,25,,,0,70,,6318,25,,,0,100,,6313,25,,,0,100,,6317,25,,,0,100,,6316,25,,,0,100,,6312,25,,,0,100,,6330,25,,,0
2200,'973d8456-b6fb-41ea-957b-0e1777112dd0',603,,6336,25,,,0,100,,6335,25,,,0,100,,6337,25,,,0,100,,6359,25,,,0,100,,6339,25,,,0,30,,6350,25,,,0,70,,6358,25,,,0,30,,6342,25,,,0,70,,6349,25,,,0,30,,6338,25,,,0,70,,6356,25,,,0,30,,6340,25,,,0,70,,6341,25,,,0,30,,6347,25,,,0,70,,6351,25,,,0,30,,6345,25,,,0,70,,6354,25,,,0,30,,6344,25,,,0,70,,6357,25,,,0,30,,6343,25,,,0,70,,6346,25,,,0,100,,6355,25,,,0,100,,6353,25,,,0,100,,6352,25,,,0,100,,6348,25,,,0,100,,6360,25,,,0
2200,'a9ed4dda-1621-4e5b-9bac-0abfa7fd8601',903,,6363,25,,,0,100,,6368,25,,,0,100,,6369,25,,,0,100,,6370,25,,,0,100,,6364,25,,,0,100,,6362,25,,,0,100,,6366,25,,,0,100,,6367,25,,,0,100,,6365,25,,,0,100,,6361,25,,,0
2200,'c6a9f587-91b7-4740-af4c-5ee6be215e3e',903,,6371,25,,,0,100,,6375,25,,,0,100,,6379,25,,,0,100,,6374,25,,,0,100,,6372,25,,,0,100,,6373,25,,,0,100,,6380,25,,,0,100,,6377,25,,,0,100,,6376,25,,,0,100,,6378,25,,,0
2200,'f6d6175b-015f-41c4-bb6e-f3fb65f7b202',903,,6388,25,,,0,100,,6385,25,,,0,100,,6384,25,,,0,100,,6381,25,,,0,100,,6389,25,,,0,100,,6382,25,,,0,100,,6383,25,,,0,100,,6390,25,,,0,100,,6387,25,,,0,100,,6386,25,,,0
