300,'03efaf84-981a-4a44-a791-7dc95a139838',930,,4249,0,,,0,70,,4249,77,4,,0,30,,4245,0,,,0,70,,4245,77,4,,0,30,,4246,0,,,0,70,,4246,77,4,,0,30,,4248,0,,,0,70,,4248,77,4,,0,30,,4241,0,,,0,70,,4241,77,4,,0,30,,4243,0,,,0,70,,4243,77,4,,0,30,,4247,0,,,0,70,,4247,77,4,,0,30,,4242,0,,,0,70,,4242,77,4,,0,30,,4244,0,,,0,70,,4244,77,4,,0,30,,4250,0,,,0,70,,4250,77,4,,0
300,'2015f747-2b22-4f8e-845d-b79a5889ca4e',630,,4271,0,,,0,70,,4271,77,4,,0,30,,4263,0,,,0,70,,4263,77,4,,0,30,,4262,0,,,0,70,,4262,77,4,,0,30,,4276,0,,,0,70,,4276,77,4,,0,30,,4265,0,,,0,70,,4251,0,,,0,30,,4273,0,,,0,70,,4267,0,,,0,30,,4267,77,4,,0,70,,4253,0,,,0,30,,4253,77,4,,0,70,,4259,77,4,,0,30,,4257,77,4,,0,70,,4255,0,,,0,30,,4255,77,4,,0,70,,4266,0,,,0,30,,4268,0,,,0,70,,4275,0,,,0,30,,4275,77,4,,0,70,,4272,77,4,,0,30,,4264,0,,,0,70,,4264,77,4,,0,30,,4261,0,,,0,70,,4261,77,4,,0,30,,4269,0,,,0,70,,4269,77,4,,0,30,,4258,0,,,0,70,,4258,77,4,,0,30,,4256,0,,,0,70,,4256,77,4,,0,30,,4270,0,,,0,70,,4270,77,4,,0
300,'47efc5d5-afa2-4db3-be64-cfe6ff704e1d',930,,4281,0,,,0,70,,4281,77,4,,0,30,,4280,0,,,0,70,,4280,77,4,,0,30,,4279,0,,,0,70,,4279,77,4,,0,30,,4283,0,,,0,70,,4283,77,4,,0,30,,4285,0,,,0,70,,4285,77,4,,0,30,,4286,0,,,0,70,,4286,77,4,,0,30,,4282,0,,,0,70,,4282,77,4,,0,30,,4277,0,,,0,70,,4277,77,4,,0,30,,4278,0,,,0,70,,4278,77,4,,0,30,,4284,0,,,0,70,,4284,77,4,,0
300,'66bdea5d-d5c9-4b01-ab9c-34d3bd199595',600,,4293,0,,,0,30,,4306,0,,,0,70,,4314,0,,,0,30,,4290,0,,,0,70,,4289,0,,,0,30,,4302,0,,,0,70,,4313,0,,,0,30,,4313,77,4,,0,70,,4287,0,,,0,30,,4288,0,,,0,70,,4309,0,,,0,30,,4298,0,,,0,70,,4292,0,,,0,30,,4297,0,,,0,70,,4297,77,4,,0,30,,4295,0,,,0,70,,4303,0,,,0,30,,4310,0,,,0,70,,4305,0,,,0,30,,4316,0,,,0,70,,4312,0,,,0,30,,4312,77,4,,0,70,,4294,0,,,0,30,,4308,0,,,0,70,,4308,77,4,,0,30,,4315,0,,,0,70,,4315,77,4,,0,30,,4299,0,,,0,70,,4299,77,4,,0,30,,4304,0,,,0,70,,4304,77,4,,0,30,,4300,0,,,0,70,,4300,77,4,,0,30,,4291,0,,,0,70,,4291,77,4,,0,30,,4296,0,,,0,70,,4296,77,4,,0
300,'7f8a98ef-7552-438c-8cf0-7659ffaf9805',600,,4330,0,,,0,30,,4346,0,,,0,70,,4346,77,4,,0,30,,4337,77,4,,0,70,,4322,77,4,,0,30,,4345,0,,,0,70,,4317,0,,,0,30,,4317,77,4,,0,70,,4336,77,4,,0,30,,4338,0,,,0,70,,4338,77,4,,0,30,,4340,0,,,0,70,,4340,77,4,,0,30,,4325,0,,,0,70,,4325,77,4,,0,30,,4344,77,4,,0,70,,4329,0,,,0,30,,4327,0,,,0,70,,4327,77,4,,0,30,,4333,0,,,0,70,,4324,0,,,0,30,,4324,77,4,,0,70,,4321,0,,,0,30,,4343,0,,,0,70,,4343,77,4,,0,30,,4341,0,,,0,70,,4341,77,4,,0,30,,4323,0,,,0,70,,4323,77,4,,0,30,,4342,0,,,0,70,,4342,77,4,,0,30,,4326,0,,,0,70,,4326,77,4,,0,30,,4319,0,,,0,70,,4319,77,4,,0,30,,4334,0,,,0,70,,4334,77,4,,0
300,'90df7812-f7c9-4ca6-ba61-2b2c9c2604e1',630,,4359,0,,,0,70,,4359,77,4,,0,30,,4362,0,,,0,70,,4362,77,4,,0,30,,4367,0,,,0,70,,4367,77,4,,0,30,,4361,0,,,0,70,,4352,0,,,0,30,,4372,0,,,0,70,,4371,0,,,0,30,,4371,77,4,,0,70,,4349,0,,,0,30,,4349,77,4,,0,70,,4354,0,,,0,30,,4353,0,,,0,70,,4353,77,4,,0,30,,4368,0,,,0,70,,4368,77,4,,0,30,,4350,0,,,0,70,,4364,0,,,0,30,,4357,0,,,0,70,,4356,0,,,0,30,,4358,0,,,0,70,,4358,77,4,,0,30,,4370,0,,,0,70,,4370,77,4,,0,30,,4366,0,,,0,70,,4366,77,4,,0,30,,4369,0,,,0,70,,4369,77,4,,0,30,,4360,0,,,0,70,,4360,77,4,,0,30,,4351,0,,,0,70,,4351,77,4,,0,30,,4347,0,,,0,70,,4347,77,4,,0
300,'d42ada0d-ea72-4040-842e-b57703aa4328',930,,4376,0,,,0,70,,4376,77,4,,0,30,,4377,0,,,0,70,,4377,77,4,,0,30,,4381,0,,,0,70,,4381,77,4,,0,30,,4379,0,,,0,70,,4379,77,4,,0,30,,4380,0,,,0,70,,4380,77,4,,0,30,,4382,0,,,0,70,,4382,77,4,,0,30,,4373,0,,,0,70,,4373,77,4,,0,30,,4375,0,,,0,70,,4375,77,4,,0,30,,4374,0,,,0,70,,4374,77,4,,0,30,,4378,0,,,0,70,,4378,77,4,,0
700,'03efaf84-981a-4a44-a791-7dc95a139838',900,,4392,0,,,0,30,,4392,58,4,,0,70,,4391,0,,,0,30,,4391,58,4,,0,70,,4386,0,,,0,30,,4386,58,4,,0,70,,4390,0,,,0,30,,4390,58,4,,0,70,,4387,0,,,0,30,,4387,58,4,,0,70,,4383,0,,,0,30,,4383,58,4,,0,70,,4384,0,,,0,30,,4384,58,4,,0,70,,4389,0,,,0,30,,4389,58,4,,0,70,,4388,0,,,0,30,,4388,58,4,,0,70,,4385,0,,,0,30,,4385,58,4,,0
700,'2015f747-2b22-4f8e-845d-b79a5889ca4e',600,,4412,0,,,0,30,,4412,58,4,,0,70,,4409,0,,,0,30,,4409,58,4,,0,70,,4397,0,,,0,30,,4397,58,4,,0,70,,4403,0,,,0,30,,4403,58,4,,0,70,,4399,0,,,0,30,,4406,0,,,0,70,,4406,58,4,,0,30,,4398,0,,,0,70,,4398,58,4,,0,30,,4407,0,,,0,70,,4407,58,4,,0,30,,4401,0,,,0,70,,4401,58,4,,0,30,,4418,0,,,0,70,,4418,58,4,,0,30,,4396,0,,,0,70,,4396,58,4,,0,30,,4393,0,,,0,70,,4393,58,4,,0,30,,4404,0,,,0,70,,4404,58,4,,0,30,,4400,58,4,,0,70,,4415,0,,,0,30,,4415,58,4,,0,70,,4411,0,,,0,30,,4411,58,4,,0,70,,4416,0,,,0,30,,4416,58,4,,0,70,,4417,0,,,0,30,,4417,58,4,,0,70,,4408,0,,,0,30,,4408,58,4,,0
700,'47efc5d5-afa2-4db3-be64-cfe6ff704e1d',900,,4419,0,,,0,30,,4419,58,4,,0,70,,4427,0,,,0,30,,4427,58,4,,0,70,,4423,0,,,0,30,,4423,58,4,,0,70,,4425,0,,,0,30,,4425,58,4,,0,70,,4426,0,,,0,30,,4426,58,4,,0,70,,4422,0,,,0,30,,4422,58,4,,0,70,,4421,0,,,0,30,,4421,58,4,,0,70,,4420,0,,,0,30,,4420,58,4,,0,70,,4428,0,,,0,30,,4428,58,4,,0,70,,4424,0,,,0,30,,4424,58,4,,0
700,'66bdea5d-d5c9-4b01-ab9c-34d3bd199595',600,,4430,0,,,0,30,,4448,0,,,0,70,,4435,0,,,0,30,,4443,0,,,0,70,,4440,0,,,0,30,,4442,0,,,0,70,,4444,0,,,0,30,,4444,58,4,,0,70,,4431,0,,,0,30,,4452,0,,,0,70,,4432,0,,,0,30,,4441,0,,,0,70,,4453,0,,,0,30,,4433,0,,,0,70,,4433,58,4,,0,30,,4439,0,,,0,70,,4438,0,,,0,30,,4450,0,,,0,70,,4454,0,,,0,30,,4429,0,,,0,70,,4449,0,,,0,30,,4449,58,4,,0,70,,4458,0,,,0,30,,4456,0,,,0,70,,4436,0,,,0,30,,4436,58,4,,0,70,,4446,0,,,0,30,,4446,58,4,,0,70,,4451,0,,,0,30,,4451,58,4,,0,70,,4457,0,,,0,30,,4457,58,4,,0,70,,4434,0,,,0,30,,4434,58,4,,0,70,,4447,0,,,0,30,,4447,58,4,,0
700,'7f8a98ef-7552-438c-8cf0-7659ffaf9805',600,,4459,0,,,0,30,,4486,0,,,0,70,,4484,0,,,0,30,,4482,0,,,0,70,,4478,0,,,0,30,,4460,0,,,0,70,,4464,0,,,0,30,,4464,58,4,,0,70,,4488,0,,,0,30,,4466,0,,,0,70,,4470,0,,,0,30,,4476,0,,,0,70,,4473,0,,,0,30,,4477,0,,,0,70,,4477,58,4,,0,30,,4480,0,,,0,70,,4463,0,,,0,30,,4481,0,,,0,70,,4469,0,,,0,30,,4474,0,,,0,70,,4462,0,,,0,30,,4462,58,4,,0,70,,4485,0,,,0,30,,4475,0,,,0,70,,4487,0,,,0,30,,4487,58,4,,0,70,,4472,0,,,0,30,,4472,58,4,,0,70,,4468,0,,,0,30,,4468,58,4,,0,70,,4483,0,,,0,30,,4483,58,4,,0,70,,4467,0,,,0,30,,4467,58,4,,0,70,,4479,0,,,0,30,,4479,58,4,,0
700,'90df7812-f7c9-4ca6-ba61-2b2c9c2604e1',600,,4502,0,,,0,30,,4502,58,4,,0,70,,4501,0,,,0,30,,4501,58,4,,0,70,,4489,0,,,0,30,,4489,58,4,,0,70,,4509,0,,,0,30,,4509,58,4,,0,70,,4510,0,,,0,30,,4505,0,,,0,70,,4495,0,,,0,30,,4495,58,4,,0,70,,4499,0,,,0,30,,4499,58,4,,0,70,,4500,0,,,0,30,,4511,0,,,0,70,,4513,0,,,0,30,,4513,58,4,,0,70,,4493,0,,,0,30,,4512,0,,,0,70,,4507,0,,,0,30,,4507,58,4,,0,70,,4508,0,,,0,30,,4492,0,,,0,70,,4490,0,,,0,30,,4490,58,4,,0,70,,4496,0,,,0,30,,4496,58,4,,0,70,,4491,0,,,0,30,,4491,58,4,,0,70,,4498,0,,,0,30,,4498,58,4,,0,70,,4514,0,,,0,30,,4514,58,4,,0,70,,4497,0,,,0,30,,4497,58,4,,0
700,'d42ada0d-ea72-4040-842e-b57703aa4328',900,,4524,0,,,0,30,,4524,58,4,,0,70,,4517,0,,,0,30,,4517,58,4,,0,70,,4522,0,,,0,30,,4522,58,4,,0,70,,4515,0,,,0,30,,4515,58,4,,0,70,,4523,0,,,0,30,,4523,58,4,,0,70,,4519,0,,,0,30,,4519,58,4,,0,70,,4520,0,,,0,30,,4520,58,4,,0,70,,4518,0,,,0,30,,4518,58,4,,0,70,,4521,0,,,0,30,,4521,58,4,,0,70,,4516,0,,,0,30,,4516,58,4,,0
