2300,'03efaf84-981a-4a44-a791-7dc95a139838',910,,5236,44,,,0,100,,5238,44,,,0,100,,5242,44,,,0,100,,5240,44,,,0,100,,5235,44,,,0,100,,5243,44,,,0,100,,5244,44,,,0,100,,5241,44,,,0,100,,5237,44,,,0,100,,5239,44,,,0
2300,'2015f747-2b22-4f8e-845d-b79a5889ca4e',610,,5248,44,,,0,100,,5252,44,,,0,100,,5247,44,,,0,100,,5246,44,,,0,100,,5270,44,,,0,30,,5260,44,,,0,70,,5261,44,,,0,30,,5245,44,,,0,70,,5265,44,,,0,30,,5266,44,,,0,70,,5263,44,,,0,30,,5251,44,,,0,70,,5269,44,,,0,30,,5262,44,,,0,70,,5259,44,,,0,30,,5253,44,,,0,70,,5264,44,,,0,30,,5258,44,,,0,70,,5268,44,,,0,30,,5267,44,,,0,70,,5257,44,,,0,100,,5255,44,,,0,100,,5254,44,,,0,100,,5256,44,,,0,100,,5249,44,,,0,100,,5250,44,,,0
2300,'47efc5d5-afa2-4db3-be64-cfe6ff704e1d',910,,5272,44,,,0,100,,5275,44,,,0,100,,5273,44,,,0,100,,5277,44,,,0,100,,5278,44,,,0,100,,5271,44,,,0,100,,5279,44,,,0,100,,5280,44,,,0,100,,5276,44,,,0,100,,5274,44,,,0
2300,'66bdea5d-d5c9-4b01-ab9c-34d3bd199595',610,,5299,44,,,0,30,,5284,44,,,0,70,,5287,44,,,0,30,,5295,44,,,0,70,,5303,44,,,0,30,,5308,44,,,0,70,,5307,44,,,0,30,,5286,44,,,0,70,,5288,44,,,0,30,,5306,44,,,0,70,,5298,44,,,0,30,,5285,44,,,0,70,,5291,44,,,0,30,,5305,44,,,0,70,,5283,44,,,0,30,,5292,44,,,0,70,,5281,44,,,0,30,,5282,44,,,0,70,,5301,44,,,0,30,,5304,44,,,0,70,,5300,44,,,0,30,,5310,44,,,0,70,,5293,44,,,0,30,,5297,44,,,0,70,,5290,44,,,0,100,,5289,44,,,0,100,,5309,44,,,0,100,,5296,44,,,0,100,,5294,44,,,0,100,,5302,44,,,0
2300,'7f8a98ef-7552-438c-8cf0-7659ffaf9805',610,,5318,44,,,0,30,,5338,44,,,0,70,,5330,44,,,0,30,,5313,44,,,0,70,,5332,44,,,0,30,,5321,44,,,0,70,,5324,44,,,0,30,,5337,44,,,0,70,,5333,44,,,0,30,,5340,44,,,0,70,,5320,44,,,0,30,,5315,44,,,0,70,,5325,44,,,0,30,,5339,44,,,0,70,,5311,44,,,0,30,,5326,44,,,0,70,,5322,44,,,0,30,,5312,44,,,0,70,,5331,44,,,0,30,,5323,44,,,0,70,,5335,44,,,0,30,,5316,44,,,0,70,,5314,44,,,0,30,,5329,44,,,0,70,,5328,44,,,0,100,,5336,44,,,0,100,,5319,44,,,0,100,,5334,44,,,0,100,,5327,44,,,0,100,,5317,44,,,0
2300,'90df7812-f7c9-4ca6-ba61-2b2c9c2604e1',610,,5359,44,,,0,100,,5361,44,,,0,100,,5352,44,,,0,100,,5354,44,,,0,100,,5355,44,,,0,30,,5351,44,,,0,70,,5347,44,,,0,30,,5350,44,,,0,70,,5349,44,,,0,30,,5365,44,,,0,70,,5364,44,,,0,30,,5342,44,,,0,70,,5345,44,,,0,30,,5346,44,,,0,70,,5341,44,,,0,30,,5360,44,,,0,70,,5353,44,,,0,30,,5344,44,,,0,70,,5343,44,,,0,30,,5363,44,,,0,70,,5366,44,,,0,100,,5362,44,,,0,100,,5356,44,,,0,100,,5358,44,,,0,100,,5348,44,,,0,100,,5357,44,,,0
2300,'d42ada0d-ea72-4040-842e-b57703aa4328',910,,5375,44,,,0,100,,5368,44,,,0,100,,5372,44,,,0,100,,5373,44,,,0,100,,5376,44,,,0,100,,5369,44,,,0,100,,5370,44,,,0,100,,5367,44,,,0,100,,5374,44,,,0,100,,5371,44,,,0
100100,'66bdea5d-d5c9-4b01-ab9c-34d3bd199595',558,,5377,88,,,0
100100,'7f8a98ef-7552-438c-8cf0-7659ffaf9805',558,,5378,88,,,0
100300,'66bdea5d-d5c9-4b01-ab9c-34d3bd199595',1404,,5382,9,,,0,30,,5380,9,,,0,70,,5383,9,,,0,30,,5379,9,,,0,70,,5381,9,,,0
100300,'7f8a98ef-7552-438c-8cf0-7659ffaf9805',1404,,5388,9,,,0,30,,5387,9,,,0,70,,5386,9,,,0,30,,5385,9,,,0,70,,5384,9,,,0
100400,'66bdea5d-d5c9-4b01-ab9c-34d3bd199595',633,,5389,26,,,0
100400,'7f8a98ef-7552-438c-8cf0-7659ffaf9805',633,,5390,26,,,0
