800,'03efaf84-981a-4a44-a791-7dc95a139838',902,,4529,11,,,0,100,,4525,11,,,0,100,,4530,11,,,0,100,,4527,11,,,0,100,,4526,11,,,0,100,,4528,11,,,0,100,,4533,11,,,0,100,,4531,11,,,0,100,,4534,11,,,0,100,,4532,11,,,0
800,'2015f747-2b22-4f8e-845d-b79a5889ca4e',602,,4542,11,,,0,100,,4540,11,,,0,100,,4536,11,,,0,100,,4545,11,,,0,100,,4548,11,,,0,30,,4543,11,,,0,70,,4557,11,,,0,30,,4535,11,,,0,70,,4539,11,,,0,30,,4554,11,,,0,70,,4544,11,,,0,30,,4551,11,,,0,70,,4549,11,,,0,30,,4558,11,,,0,70,,4541,11,,,0,30,,4537,11,,,0,70,,4550,11,,,0,30,,4538,11,,,0,70,,4555,11,,,0,30,,4559,11,,,0,70,,4560,11,,,0,100,,4546,11,,,0,100,,4547,11,,,0,100,,4553,11,,,0,100,,4556,11,,,0,100,,4552,11,,,0
800,'47efc5d5-afa2-4db3-be64-cfe6ff704e1d',902,,4565,11,,,0,100,,4570,11,,,0,100,,4562,11,,,0,100,,4563,11,,,0,100,,4561,11,,,0,100,,4568,11,,,0,100,,4564,11,,,0,100,,4569,11,,,0,100,,4567,11,,,0,100,,4566,11,,,0
800,'66bdea5d-d5c9-4b01-ab9c-34d3bd199595',602,,4574,11,,,0,30,,4581,11,,,0,70,,4591,11,,,0,30,,4592,11,,,0,70,,4594,11,,,0,30,,4590,11,,,0,70,,4588,11,,,0,30,,4600,11,,,0,70,,4578,11,,,0,30,,4585,11,,,0,70,,4577,11,,,0,30,,4599,11,,,0,70,,4586,11,,,0,30,,4597,11,,,0,70,,4573,11,,,0,30,,4571,11,,,0,70,,4580,11,,,0,30,,4572,11,,,0,70,,4593,11,,,0,30,,4596,11,,,0,70,,4589,11,,,0,30,,4579,11,,,0,70,,4584,11,,,0,30,,4598,11,,,0,70,,4595,11,,,0,100,,4575,11,,,0,100,,4576,11,,,0,100,,4582,11,,,0,100,,4587,11,,,0,100,,4583,11,,,0
800,'7f8a98ef-7552-438c-8cf0-7659ffaf9805',602,,4609,11,,,0,30,,4623,11,,,0,70,,4620,11,,,0,30,,4613,11,,,0,70,,4626,11,,,0,30,,4616,11,,,0,70,,4630,11,,,0,30,,4604,11,,,0,70,,4614,11,,,0,30,,4607,11,,,0,70,,4618,11,,,0,30,,4628,11,,,0,70,,4629,11,,,0,30,,4615,11,,,0,70,,4606,11,,,0,30,,4624,11,,,0,70,,4627,11,,,0,30,,4619,11,,,0,70,,4610,11,,,0,30,,4622,11,,,0,70,,4603,11,,,0,30,,4621,11,,,0,70,,4602,11,,,0,30,,4617,11,,,0,70,,4605,11,,,0,100,,4601,11,,,0,100,,4611,11,,,0,100,,4625,11,,,0,100,,4612,11,,,0,100,,4608,11,,,0
800,'90df7812-f7c9-4ca6-ba61-2b2c9c2604e1',602,,4633,11,,,0,100,,4647,11,,,0,100,,4638,11,,,0,100,,4644,11,,,0,100,,4639,11,,,0,30,,4655,11,,,0,70,,4645,11,,,0,30,,4646,11,,,0,70,,4631,11,,,0,30,,4640,11,,,0,70,,4632,11,,,0,30,,4656,11,,,0,70,,4636,11,,,0,30,,4651,11,,,0,70,,4642,11,,,0,30,,4650,11,,,0,70,,4637,11,,,0,30,,4648,11,,,0,70,,4654,11,,,0,30,,4634,11,,,0,70,,4635,11,,,0,100,,4643,11,,,0,100,,4649,11,,,0,100,,4641,11,,,0,100,,4652,11,,,0,100,,4653,11,,,0
800,'d42ada0d-ea72-4040-842e-b57703aa4328',902,,4666,11,,,0,100,,4658,11,,,0,100,,4657,11,,,0,100,,4665,11,,,0,100,,4663,11,,,0,100,,4664,11,,,0,100,,4661,11,,,0,100,,4662,11,,,0,100,,4660,11,,,0,100,,4659,11,,,0
2200,'03efaf84-981a-4a44-a791-7dc95a139838',902,,5100,18,,,0,100,,5096,18,,,0,100,,5098,18,,,0,100,,5093,18,,,0,100,,5099,18,,,0,100,,5095,18,,,0,100,,5102,18,,,0,100,,5094,18,,,0,100,,5097,18,,,0,100,,5101,18,,,0
2200,'2015f747-2b22-4f8e-845d-b79a5889ca4e',602,,5104,18,,,0,100,,5119,18,,,0,100,,5105,18,,,0,100,,5123,18,,,0,100,,5107,18,,,0,30,,5124,18,,,0,70,,5112,18,,,0,30,,5109,18,,,0,70,,5118,18,,,0,30,,5121,18,,,0,70,,5115,18,,,0,30,,5126,18,,,0,70,,5110,18,,,0,30,,5128,18,,,0,70,,5108,18,,,0,30,,5117,18,,,0,70,,5103,18,,,0,30,,5122,18,,,0,70,,5120,18,,,0,30,,5114,18,,,0,70,,5125,18,,,0,100,,5111,18,,,0,100,,5116,18,,,0,100,,5106,18,,,0,100,,5127,18,,,0,100,,5113,18,,,0
2200,'47efc5d5-afa2-4db3-be64-cfe6ff704e1d',902,,5129,18,,,0,100,,5133,18,,,0,100,,5138,18,,,0,100,,5135,18,,,0,100,,5134,18,,,0,100,,5130,18,,,0,100,,5136,18,,,0,100,,5132,18,,,0,100,,5131,18,,,0,100,,5137,18,,,0
2200,'66bdea5d-d5c9-4b01-ab9c-34d3bd199595',602,,5149,18,,,0,30,,5140,18,,,0,70,,5152,18,,,0,30,,5165,18,,,0,70,,5141,18,,,0,30,,5163,18,,,0,70,,5159,18,,,0,30,,5145,18,,,0,70,,5139,18,,,0,30,,5166,18,,,0,70,,5155,18,,,0,30,,5153,18,,,0,70,,5160,18,,,0,30,,5143,18,,,0,70,,5158,18,,,0,30,,5144,18,,,0,70,,5142,18,,,0,30,,5148,18,,,0,70,,5156,18,,,0,30,,5154,18,,,0,70,,5151,18,,,0,30,,5162,18,,,0,70,,5146,18,,,0,30,,5164,18,,,0,70,,5168,18,,,0,100,,5150,18,,,0,100,,5147,18,,,0,100,,5167,18,,,0,100,,5157,18,,,0,100,,5161,18,,,0
2200,'7f8a98ef-7552-438c-8cf0-7659ffaf9805',602,,5193,18,,,0,30,,5180,18,,,0,70,,5179,18,,,0,30,,5177,18,,,0,70,,5189,18,,,0,30,,5172,18,,,0,70,,5197,18,,,0,30,,5184,18,,,0,70,,5181,18,,,0,30,,5191,18,,,0,70,,5185,18,,,0,30,,5183,18,,,0,70,,5196,18,,,0,30,,5169,18,,,0,70,,5188,18,,,0,30,,5198,18,,,0,70,,5175,18,,,0,30,,5173,18,,,0,70,,5174,18,,,0,30,,5195,18,,,0,70,,5182,18,,,0,30,,5187,18,,,0,70,,5178,18,,,0,30,,5190,18,,,0,70,,5192,18,,,0,100,,5171,18,,,0,100,,5194,18,,,0,100,,5186,18,,,0,100,,5170,18,,,0,100,,5176,18,,,0
2200,'90df7812-f7c9-4ca6-ba61-2b2c9c2604e1',602,,5215,18,,,0,100,,5203,18,,,0,100,,5223,18,,,0,100,,5202,18,,,0,100,,5211,18,,,0,30,,5212,18,,,0,70,,5219,18,,,0,30,,5213,18,,,0,70,,5216,18,,,0,30,,5222,18,,,0,70,,5210,18,,,0,30,,5207,18,,,0,70,,5199,18,,,0,30,,5208,18,,,0,70,,5221,18,,,0,30,,5220,18,,,0,70,,5204,18,,,0,30,,5205,18,,,0,70,,5209,18,,,0,30,,5218,18,,,0,70,,5206,18,,,0,100,,5217,18,,,0,100,,5224,18,,,0,100,,5214,18,,,0,100,,5200,18,,,0,100,,5201,18,,,0
2200,'d42ada0d-ea72-4040-842e-b57703aa4328',902,,5226,18,,,0,100,,5230,18,,,0,100,,5231,18,,,0,100,,5229,18,,,0,100,,5225,18,,,0,100,,5232,18,,,0,100,,5228,18,,,0,100,,5234,18,,,0,100,,5227,18,,,0,100,,5233,18,,,0
