1500,'03efaf84-981a-4a44-a791-7dc95a139838',946,,4811,66,,,0,100,,4818,66,,,0,100,,4812,66,,,0,100,,4814,66,,,0,100,,4816,66,,,0,100,,4813,66,,,0,100,,4817,66,,,0,100,,4815,66,,,0,100,,4809,66,,,0,100,,4810,66,,,0
1500,'2015f747-2b22-4f8e-845d-b79a5889ca4e',646,,4839,66,,,0,100,,4834,66,,,0,100,,4828,66,,,0,100,,4837,66,,,0,70,,4826,66,,,0,30,,4830,66,,,0,70,,4819,66,,,0,30,,4832,66,,,0,70,,4838,66,,,0,30,,4835,66,,,0,70,,4843,66,,,0,30,,4841,66,,,0,70,,4825,66,,,0,30,,4844,66,,,0,70,,4833,66,,,0,30,,4836,66,,,0,70,,4831,66,,,0,30,,4842,66,,,0,70,,4822,66,,,0,30,,4840,66,,,0,100,,4823,66,,,0,100,,4821,66,,,0,100,,4827,66,,,0,100,,4824,66,,,0,100,,4820,66,,,0,100,,4829,66,,,0
1500,'47efc5d5-afa2-4db3-be64-cfe6ff704e1d',946,,4852,66,,,0,100,,4848,66,,,0,100,,4845,66,,,0,100,,4849,66,,,0,100,,4853,66,,,0,100,,4850,66,,,0,101,,4851,66,,,0,99,,4854,66,,,0,101,,4846,66,,,0,100,,4847,66,,,0
1500,'66bdea5d-d5c9-4b01-ab9c-34d3bd199595',616,,4874,66,,,0,30,,4859,66,,,0,70,,4861,66,,,0,30,,4877,66,,,0,70,,4881,66,,,0,30,,4871,66,,,0,70,,4866,66,,,0,30,,4872,66,,,0,70,,4858,66,,,0,30,,4864,66,,,0,70,,4856,66,,,0,30,,4880,66,,,0,70,,4873,66,,,0,30,,4878,66,,,0,70,,4883,66,,,0,30,,4855,66,,,0,70,,4884,66,,,0,30,,4882,66,,,0,70,,4863,66,,,0,30,,4867,66,,,0,70,,4870,66,,,0,30,,4862,66,,,0,70,,4860,66,,,0,30,,4879,66,,,0,100,,4857,66,,,0,100,,4865,66,,,0,100,,4876,66,,,0,100,,4875,66,,,0,100,,4869,66,,,0,100,,4868,66,,,0
1500,'7f8a98ef-7552-438c-8cf0-7659ffaf9805',616,,4885,66,,,0,30,,4890,66,,,0,70,,4900,66,,,0,30,,4898,66,,,0,70,,4897,66,,,0,30,,4908,66,,,0,70,,4909,66,,,0,30,,4903,66,,,0,70,,4891,66,,,0,30,,4913,66,,,0,70,,4901,66,,,0,30,,4910,66,,,0,70,,4914,66,,,0,30,,4895,66,,,0,70,,4907,66,,,0,30,,4889,66,,,0,70,,4888,66,,,0,30,,4912,66,,,0,70,,4893,66,,,0,30,,4896,66,,,0,70,,4904,66,,,0,30,,4911,66,,,0,70,,4902,66,,,0,30,,4894,66,,,0,100,,4899,66,,,0,100,,4886,66,,,0,100,,4906,66,,,0,100,,4887,66,,,0,100,,4905,66,,,0,100,,4892,66,,,0
1500,'90df7812-f7c9-4ca6-ba61-2b2c9c2604e1',646,,4939,66,,,0,100,,4924,66,,,0,100,,4918,66,,,0,100,,4917,66,,,0,70,,4922,66,,,0,30,,4923,66,,,0,70,,4930,66,,,0,30,,4916,66,,,0,70,,4933,66,,,0,30,,4921,66,,,0,70,,4920,66,,,0,30,,4934,66,,,0,70,,4927,66,,,0,30,,4936,66,,,0,70,,4925,66,,,0,30,,4935,66,,,0,70,,4929,66,,,0,30,,4932,66,,,0,70,,4915,66,,,0,30,,4919,66,,,0,100,,4928,66,,,0,100,,4937,66,,,0,100,,4940,66,,,0,100,,4926,66,,,0,100,,4938,66,,,0,100,,4931,66,,,0
1500,'d42ada0d-ea72-4040-842e-b57703aa4328',946,,4944,66,,,0,100,,4945,66,,,0,100,,4946,66,,,0,100,,4948,66,,,0,100,,4942,66,,,0,100,,4943,66,,,0,100,,4949,66,,,0,100,,4950,66,,,0,100,,4941,66,,,0,100,,4947,66,,,0
2300,'03efaf84-981a-4a44-a791-7dc95a139838',920,,5236,95,,,0,100,,5238,95,,,0,100,,5242,95,,,0,100,,5240,95,,,0,100,,5235,95,,,0,100,,5243,95,,,0,100,,5244,95,,,0,100,,5241,95,,,0,100,,5237,95,,,0,100,,5239,95,,,0
2300,'2015f747-2b22-4f8e-845d-b79a5889ca4e',620,,5248,95,,,0,100,,5252,95,,,0,100,,5247,95,,,0,100,,5246,95,,,0,100,,5270,95,,,0,30,,5260,95,,,0,70,,5261,95,,,0,30,,5245,95,,,0,70,,5265,95,,,0,30,,5266,95,,,0,70,,5263,95,,,0,30,,5251,95,,,0,70,,5269,95,,,0,30,,5262,95,,,0,70,,5259,95,,,0,30,,5253,95,,,0,70,,5264,95,,,0,30,,5258,95,,,0,70,,5268,95,,,0,30,,5267,95,,,0,70,,5257,95,,,0,100,,5255,95,,,0,100,,5254,95,,,0,100,,5256,95,,,0,100,,5249,95,,,0,100,,5250,95,,,0
2300,'47efc5d5-afa2-4db3-be64-cfe6ff704e1d',920,,5272,95,,,0,100,,5275,95,,,0,100,,5273,95,,,0,100,,5277,95,,,0,100,,5278,95,,,0,100,,5271,95,,,0,100,,5279,95,,,0,100,,5280,95,,,0,100,,5276,95,,,0,100,,5274,95,,,0
2300,'66bdea5d-d5c9-4b01-ab9c-34d3bd199595',620,,5299,95,,,0,30,,5284,95,,,0,70,,5287,95,,,0,30,,5295,95,,,0,70,,5303,95,,,0,30,,5308,95,,,0,70,,5307,95,,,0,30,,5286,95,,,0,70,,5288,95,,,0,30,,5306,95,,,0,70,,5298,95,,,0,30,,5285,95,,,0,70,,5291,95,,,0,30,,5305,95,,,0,70,,5283,95,,,0,30,,5292,95,,,0,70,,5281,95,,,0,30,,5282,95,,,0,70,,5301,95,,,0,30,,5304,95,,,0,70,,5300,95,,,0,30,,5310,95,,,0,70,,5293,95,,,0,30,,5297,95,,,0,70,,5290,95,,,0,100,,5289,95,,,0,100,,5309,95,,,0,100,,5296,95,,,0,100,,5294,95,,,0,100,,5302,95,,,0
2300,'7f8a98ef-7552-438c-8cf0-7659ffaf9805',620,,5318,95,,,0,30,,5338,95,,,0,70,,5330,95,,,0,30,,5313,95,,,0,70,,5332,95,,,0,30,,5321,95,,,0,70,,5324,95,,,0,30,,5337,95,,,0,70,,5333,95,,,0,30,,5340,95,,,0,70,,5320,95,,,0,30,,5315,95,,,0,70,,5325,95,,,0,30,,5339,95,,,0,70,,5311,95,,,0,30,,5326,95,,,0,70,,5322,95,,,0,30,,5312,95,,,0,70,,5331,95,,,0,30,,5323,95,,,0,70,,5335,95,,,0,30,,5316,95,,,0,70,,5314,95,,,0,30,,5329,95,,,0,70,,5328,95,,,0,100,,5336,95,,,0,100,,5319,95,,,0,100,,5334,95,,,0,100,,5327,95,,,0,100,,5317,95,,,0
2300,'90df7812-f7c9-4ca6-ba61-2b2c9c2604e1',620,,5359,95,,,0,100,,5361,95,,,0,100,,5352,95,,,0,100,,5354,95,,,0,100,,5355,95,,,0,30,,5351,95,,,0,70,,5347,95,,,0,30,,5350,95,,,0,70,,5349,95,,,0,30,,5365,95,,,0,70,,5364,95,,,0,30,,5342,95,,,0,70,,5345,95,,,0,30,,5346,95,,,0,70,,5341,95,,,0,30,,5360,95,,,0,70,,5353,95,,,0,30,,5344,95,,,0,70,,5343,95,,,0,30,,5363,95,,,0,70,,5366,95,,,0,100,,5362,95,,,0,100,,5356,95,,,0,100,,5358,95,,,0,100,,5348,95,,,0,100,,5357,95,,,0
2300,'d42ada0d-ea72-4040-842e-b57703aa4328',920,,5375,95,,,0,100,,5368,95,,,0,100,,5372,95,,,0,100,,5373,95,,,0,100,,5376,95,,,0,100,,5369,95,,,0,100,,5370,95,,,0,100,,5367,95,,,0,100,,5374,95,,,0,100,,5371,95,,,0
