800,'03efaf84-981a-4a44-a791-7dc95a139838',901,,4529,7,,,0,100,,4525,7,,,0,100,,4530,7,,,0,100,,4527,7,,,0,100,,4526,7,,,0,100,,4528,7,,,0,100,,4533,7,,,0,100,,4531,7,,,0,100,,4534,7,,,0,100,,4532,7,,,0
800,'2015f747-2b22-4f8e-845d-b79a5889ca4e',601,,4542,7,,,0,100,,4540,7,,,0,100,,4536,7,,,0,100,,4545,7,,,0,100,,4548,7,,,0,30,,4543,7,,,0,70,,4557,7,,,0,30,,4535,7,,,0,70,,4539,7,,,0,30,,4554,7,,,0,70,,4544,7,,,0,30,,4551,7,,,0,70,,4549,7,,,0,30,,4558,7,,,0,70,,4541,7,,,0,30,,4537,7,,,0,70,,4550,7,,,0,30,,4538,7,,,0,70,,4555,7,,,0,30,,4559,7,,,0,70,,4560,7,,,0,100,,4546,7,,,0,100,,4547,7,,,0,100,,4553,7,,,0,100,,4556,7,,,0,100,,4552,7,,,0
800,'47efc5d5-afa2-4db3-be64-cfe6ff704e1d',901,,4565,7,,,0,100,,4570,7,,,0,100,,4562,7,,,0,100,,4563,7,,,0,100,,4561,7,,,0,100,,4568,7,,,0,100,,4564,7,,,0,100,,4569,7,,,0,100,,4567,7,,,0,100,,4566,7,,,0
800,'66bdea5d-d5c9-4b01-ab9c-34d3bd199595',601,,4574,7,,,0,30,,4581,7,,,0,70,,4591,7,,,0,30,,4592,7,,,0,70,,4594,7,,,0,30,,4590,7,,,0,70,,4588,7,,,0,30,,4600,7,,,0,70,,4578,7,,,0,30,,4585,7,,,0,70,,4577,7,,,0,30,,4599,7,,,0,70,,4586,7,,,0,30,,4597,7,,,0,70,,4573,7,,,0,30,,4571,7,,,0,70,,4580,7,,,0,30,,4572,7,,,0,70,,4593,7,,,0,30,,4596,7,,,0,70,,4589,7,,,0,30,,4579,7,,,0,70,,4584,7,,,0,30,,4598,7,,,0,70,,4595,7,,,0,100,,4575,7,,,0,100,,4576,7,,,0,100,,4582,7,,,0,100,,4587,7,,,0,100,,4583,7,,,0
800,'7f8a98ef-7552-438c-8cf0-7659ffaf9805',601,,4609,7,,,0,30,,4623,7,,,0,70,,4620,7,,,0,30,,4613,7,,,0,70,,4626,7,,,0,30,,4616,7,,,0,70,,4630,7,,,0,30,,4604,7,,,0,70,,4614,7,,,0,30,,4607,7,,,0,70,,4618,7,,,0,30,,4628,7,,,0,70,,4629,7,,,0,30,,4615,7,,,0,70,,4606,7,,,0,30,,4624,7,,,0,70,,4627,7,,,0,30,,4619,7,,,0,70,,4610,7,,,0,30,,4622,7,,,0,70,,4603,7,,,0,30,,4621,7,,,0,70,,4602,7,,,0,30,,4617,7,,,0,70,,4605,7,,,0,100,,4601,7,,,0,100,,4611,7,,,0,100,,4625,7,,,0,100,,4612,7,,,0,100,,4608,7,,,0
800,'90df7812-f7c9-4ca6-ba61-2b2c9c2604e1',601,,4633,7,,,0,100,,4647,7,,,0,100,,4638,7,,,0,100,,4644,7,,,0,100,,4639,7,,,0,30,,4655,7,,,0,70,,4645,7,,,0,30,,4646,7,,,0,70,,4631,7,,,0,30,,4640,7,,,0,70,,4632,7,,,0,30,,4656,7,,,0,70,,4636,7,,,0,30,,4651,7,,,0,70,,4642,7,,,0,30,,4650,7,,,0,70,,4637,7,,,0,30,,4648,7,,,0,70,,4654,7,,,0,30,,4634,7,,,0,70,,4635,7,,,0,100,,4643,7,,,0,100,,4649,7,,,0,100,,4641,7,,,0,100,,4652,7,,,0,100,,4653,7,,,0
800,'d42ada0d-ea72-4040-842e-b57703aa4328',901,,4666,7,,,0,100,,4658,7,,,0,100,,4657,7,,,0,100,,4665,7,,,0,100,,4663,7,,,0,100,,4664,7,,,0,100,,4661,7,,,0,100,,4662,7,,,0,100,,4660,7,,,0,100,,4659,7,,,0
1400,'03efaf84-981a-4a44-a791-7dc95a139838',932,,4670,9,,,0,100,,4673,9,,,0,100,,4675,9,,,0,100,,4669,9,,,0,100,,4674,9,,,0,100,,4668,9,,,0,100,,4672,9,,,0,100,,4667,9,,,0,100,,4676,9,,,0,100,,4671,9,,,0
1400,'2015f747-2b22-4f8e-845d-b79a5889ca4e',632,,4682,9,,,0,100,,4680,9,,,0,100,,4698,9,,,0,100,,4697,9,,,0,70,,4699,9,,,0,30,,4688,9,,,0,70,,4678,9,,,0,30,,4686,9,,,0,70,,4687,9,,,0,30,,4690,9,,,0,70,,4695,9,,,0,30,,4700,9,,,0,70,,4694,9,,,0,30,,4692,9,,,0,70,,4701,9,,,0,30,,4691,9,,,0,70,,4693,9,,,0,30,,4684,9,,,0,70,,4696,9,,,0,30,,4685,9,,,0,100,,4679,9,,,0,100,,4683,9,,,0,100,,4677,9,,,0,100,,4689,9,,,0,100,,4702,9,,,0,100,,4681,9,,,0
1400,'47efc5d5-afa2-4db3-be64-cfe6ff704e1d',932,,4707,9,,,0,100,,4708,9,,,0,100,,4711,9,,,0,100,,4712,9,,,0,100,,4710,9,,,0,100,,4709,9,,,0,100,,4703,9,,,0,100,,4706,9,,,0,100,,4705,9,,,0,100,,4704,9,,,0
1400,'66bdea5d-d5c9-4b01-ab9c-34d3bd199595',602,,4730,9,,,0,30,,4734,9,,,0,70,,4719,9,,,0,30,,4735,9,,,0,70,,4733,9,,,0,30,,4720,9,,,0,70,,4729,9,,,0,30,,4740,9,,,0,70,,4715,9,,,0,30,,4717,9,,,0,70,,4721,9,,,0,30,,4742,9,,,0,70,,4714,9,,,0,30,,4737,9,,,0,70,,4713,9,,,0,30,,4725,9,,,0,70,,4728,9,,,0,30,,4723,9,,,0,70,,4732,9,,,0,30,,4731,9,,,0,70,,4716,9,,,0,30,,4718,9,,,0,70,,4739,9,,,0,30,,4736,9,,,0,100,,4726,9,,,0,100,,4724,9,,,0,100,,4727,9,,,0,100,,4741,9,,,0,100,,4722,9,,,0,100,,4738,9,,,0
1400,'7f8a98ef-7552-438c-8cf0-7659ffaf9805',602,,4750,9,,,0,30,,4753,9,,,0,70,,4754,9,,,0,30,,4765,9,,,0,70,,4751,9,,,0,30,,4762,9,,,0,70,,4749,9,,,0,30,,4756,9,,,0,70,,4752,9,,,0,30,,4745,9,,,0,70,,4761,9,,,0,30,,4747,9,,,0,70,,4760,9,,,0,30,,4758,9,,,0,70,,4772,9,,,0,30,,4766,9,,,0,70,,4770,9,,,0,30,,4769,9,,,0,70,,4764,9,,,0,30,,4771,9,,,0,70,,4746,9,,,0,30,,4744,9,,,0,70,,4768,9,,,0,30,,4757,9,,,0,100,,4743,9,,,0,100,,4763,9,,,0,100,,4748,9,,,0,100,,4755,9,,,0,100,,4767,9,,,0,100,,4759,9,,,0
1400,'90df7812-f7c9-4ca6-ba61-2b2c9c2604e1',632,,4779,9,,,0,100,,4791,9,,,0,100,,4773,9,,,0,100,,4795,9,,,0,70,,4789,9,,,0,30,,4798,9,,,0,70,,4793,9,,,0,30,,4777,9,,,0,70,,4774,9,,,0,30,,4797,9,,,0,70,,4790,9,,,0,30,,4782,9,,,0,70,,4783,9,,,0,30,,4796,9,,,0,70,,4776,9,,,0,30,,4794,9,,,0,70,,4785,9,,,0,30,,4788,9,,,0,70,,4792,9,,,0,30,,4775,9,,,0,100,,4781,9,,,0,100,,4784,9,,,0,100,,4786,9,,,0,100,,4787,9,,,0,100,,4780,9,,,0,100,,4778,9,,,0
1400,'d42ada0d-ea72-4040-842e-b57703aa4328',932,,4801,9,,,0,100,,4805,9,,,0,100,,4799,9,,,0,100,,4808,9,,,0,100,,4807,9,,,0,100,,4802,9,,,0,100,,4803,9,,,0,100,,4804,9,,,0,100,,4806,9,,,0,100,,4800,9,,,0
2200,'03efaf84-981a-4a44-a791-7dc95a139838',901,,5100,12,,,0,100,,5096,12,,,0,100,,5098,12,,,0,100,,5093,12,,,0,100,,5099,12,,,0,100,,5095,12,,,0,100,,5102,12,,,0,100,,5094,12,,,0,100,,5097,12,,,0,100,,5101,12,,,0
2200,'2015f747-2b22-4f8e-845d-b79a5889ca4e',601,,5104,12,,,0,100,,5119,12,,,0,100,,5105,12,,,0,100,,5123,12,,,0,100,,5107,12,,,0,30,,5124,12,,,0,70,,5112,12,,,0,30,,5109,12,,,0,70,,5118,12,,,0,30,,5121,12,,,0,70,,5115,12,,,0,30,,5126,12,,,0,70,,5110,12,,,0,30,,5128,12,,,0,70,,5108,12,,,0,30,,5117,12,,,0,70,,5103,12,,,0,30,,5122,12,,,0,70,,5120,12,,,0,30,,5114,12,,,0,70,,5125,12,,,0,100,,5111,12,,,0,100,,5116,12,,,0,100,,5106,12,,,0,100,,5127,12,,,0,100,,5113,12,,,0
2200,'47efc5d5-afa2-4db3-be64-cfe6ff704e1d',901,,5129,12,,,0,100,,5133,12,,,0,100,,5138,12,,,0,100,,5135,12,,,0,100,,5134,12,,,0,100,,5130,12,,,0,100,,5136,12,,,0,100,,5132,12,,,0,100,,5131,12,,,0,100,,5137,12,,,0
2200,'66bdea5d-d5c9-4b01-ab9c-34d3bd199595',601,,5149,12,,,0,30,,5140,12,,,0,70,,5152,12,,,0,30,,5165,12,,,0,70,,5141,12,,,0,30,,5163,12,,,0,70,,5159,12,,,0,30,,5145,12,,,0,70,,5139,12,,,0,30,,5166,12,,,0,70,,5155,12,,,0,30,,5153,12,,,0,70,,5160,12,,,0,30,,5143,12,,,0,70,,5158,12,,,0,30,,5144,12,,,0,70,,5142,12,,,0,30,,5148,12,,,0,70,,5156,12,,,0,30,,5154,12,,,0,70,,5151,12,,,0,30,,5162,12,,,0,70,,5146,12,,,0,30,,5164,12,,,0,70,,5168,12,,,0,100,,5150,12,,,0,100,,5147,12,,,0,100,,5167,12,,,0,100,,5157,12,,,0,100,,5161,12,,,0
2200,'7f8a98ef-7552-438c-8cf0-7659ffaf9805',601,,5193,12,,,0,30,,5180,12,,,0,70,,5179,12,,,0,30,,5177,12,,,0,70,,5189,12,,,0,30,,5172,12,,,0,70,,5197,12,,,0,30,,5184,12,,,0,70,,5181,12,,,0,30,,5191,12,,,0,70,,5185,12,,,0,30,,5183,12,,,0,70,,5196,12,,,0,30,,5169,12,,,0,70,,5188,12,,,0,30,,5198,12,,,0,70,,5175,12,,,0,30,,5173,12,,,0,70,,5174,12,,,0,30,,5195,12,,,0,70,,5182,12,,,0,30,,5187,12,,,0,70,,5178,12,,,0,30,,5190,12,,,0,70,,5192,12,,,0,100,,5171,12,,,0,100,,5194,12,,,0,100,,5186,12,,,0,100,,5170,12,,,0,100,,5176,12,,,0
2200,'90df7812-f7c9-4ca6-ba61-2b2c9c2604e1',601,,5215,12,,,0,100,,5203,12,,,0,100,,5223,12,,,0,100,,5202,12,,,0,100,,5211,12,,,0,30,,5212,12,,,0,70,,5219,12,,,0,30,,5213,12,,,0,70,,5216,12,,,0,30,,5222,12,,,0,70,,5210,12,,,0,30,,5207,12,,,0,70,,5199,12,,,0,30,,5208,12,,,0,70,,5221,12,,,0,30,,5220,12,,,0,70,,5204,12,,,0,30,,5205,12,,,0,70,,5209,12,,,0,30,,5218,12,,,0,70,,5206,12,,,0,100,,5217,12,,,0,100,,5224,12,,,0,100,,5214,12,,,0,100,,5200,12,,,0,100,,5201,12,,,0
2200,'d42ada0d-ea72-4040-842e-b57703aa4328',901,,5226,12,,,0,100,,5230,12,,,0,100,,5231,12,,,0,100,,5229,12,,,0,100,,5225,12,,,0,100,,5232,12,,,0,100,,5228,12,,,0,100,,5234,12,,,0,100,,5227,12,,,0,100,,5233,12,,,0
