800,'1566a7a5-e049-4449-ad36-997dfbc0ff5e',603,,5694,13,,,0,30,,5705,13,,,0,70,,5686,13,,,0,30,,5683,13,,,0,70,,5703,13,,,0,30,,5681,13,,,0,70,,5707,13,,,0,30,,5695,13,,,0,70,,5709,13,,,0,30,,5688,13,,,0,70,,5702,13,,,0,30,,5706,13,,,0,70,,5701,13,,,0,30,,5710,13,,,0,70,,5684,13,,,0,30,,5704,13,,,0,70,,5691,13,,,0,30,,5693,13,,,0,70,,5687,13,,,0,30,,5692,13,,,0,70,,5708,13,,,0,30,,5685,13,,,0,70,,5690,13,,,0,30,,5699,13,,,0,70,,5697,13,,,0,100,,5698,13,,,0,100,,5696,13,,,0,100,,5700,13,,,0,100,,5689,13,,,0,100,,5682,13,,,0
800,'46d9dc64-b71a-40f7-adb2-d359d9a69bc5',603,,5714,13,,,0,100,,5734,13,,,0,100,,5718,13,,,0,100,,5733,13,,,0,100,,5722,13,,,0,30,,5721,13,,,0,70,,5729,13,,,0,30,,5719,13,,,0,70,,5712,13,,,0,30,,5730,13,,,0,70,,5726,13,,,0,30,,5723,13,,,0,70,,5713,13,,,0,30,,5715,13,,,0,70,,5725,13,,,0,30,,5731,13,,,0,70,,5711,13,,,0,30,,5728,13,,,0,70,,5736,13,,,0,30,,5724,13,,,0,70,,5732,13,,,0,100,,5720,13,,,0,100,,5716,13,,,0,100,,5717,13,,,0,100,,5735,13,,,0,100,,5727,13,,,0
800,'67b24b5a-e659-4c7b-baa6-fdcd9c66198c',603,,5762,13,,,0,30,,5742,13,,,0,70,,5756,13,,,0,30,,5737,13,,,0,70,,5763,13,,,0,30,,5765,13,,,0,70,,5750,13,,,0,30,,5764,13,,,0,70,,5747,13,,,0,30,,5738,13,,,0,70,,5758,13,,,0,30,,5757,13,,,0,70,,5751,13,,,0,30,,5754,13,,,0,70,,5740,13,,,0,30,,5744,13,,,0,70,,5753,13,,,0,30,,5761,13,,,0,70,,5755,13,,,0,30,,5752,13,,,0,70,,5760,13,,,0,30,,5745,13,,,0,70,,5766,13,,,0,30,,5759,13,,,0,70,,5743,13,,,0,100,,5739,13,,,0,100,,5748,13,,,0,100,,5741,13,,,0,100,,5749,13,,,0,100,,5746,13,,,0
800,'973d8456-b6fb-41ea-957b-0e1777112dd0',603,,5787,13,,,0,100,,5774,13,,,0,100,,5790,13,,,0,100,,5768,13,,,0,100,,5779,13,,,0,30,,5788,13,,,0,70,,5773,13,,,0,30,,5781,13,,,0,70,,5783,13,,,0,30,,5770,13,,,0,70,,5771,13,,,0,30,,5791,13,,,0,70,,5785,13,,,0,30,,5777,13,,,0,70,,5772,13,,,0,30,,5767,13,,,0,70,,5769,13,,,0,30,,5775,13,,,0,70,,5786,13,,,0,30,,5784,13,,,0,70,,5782,13,,,0,100,,5778,13,,,0,100,,5789,13,,,0,100,,5792,13,,,0,100,,5776,13,,,0,100,,5780,13,,,0
800,'a9ed4dda-1621-4e5b-9bac-0abfa7fd8601',903,,5802,13,,,0,100,,5797,13,,,0,100,,5798,13,,,0,100,,5793,13,,,0,100,,5799,13,,,0,100,,5794,13,,,0,100,,5800,13,,,0,100,,5796,13,,,0,100,,5801,13,,,0,100,,5795,13,,,0
800,'c6a9f587-91b7-4740-af4c-5ee6be215e3e',903,,5812,13,,,0,100,,5805,13,,,0,100,,5809,13,,,0,100,,5808,13,,,0,100,,5810,13,,,0,100,,5806,13,,,0,100,,5803,13,,,0,100,,5804,13,,,0,100,,5811,13,,,0,100,,5807,13,,,0
800,'f6d6175b-015f-41c4-bb6e-f3fb65f7b202',903,,5814,13,,,0,100,,5822,13,,,0,100,,5815,13,,,0,100,,5818,13,,,0,100,,5813,13,,,0,100,,5816,13,,,0,100,,5821,13,,,0,100,,5819,13,,,0,100,,5817,13,,,0,100,,5820,13,,,0
2200,'1566a7a5-e049-4449-ad36-997dfbc0ff5e',603,,6259,22,,,0,30,,6276,22,,,0,70,,6261,22,,,0,30,,6264,22,,,0,70,,6260,22,,,0,30,,6275,22,,,0,70,,6256,22,,,0,30,,6277,22,,,0,70,,6253,22,,,0,30,,6268,22,,,0,70,,6267,22,,,0,30,,6273,22,,,0,70,,6270,22,,,0,30,,6271,22,,,0,70,,6251,22,,,0,30,,6258,22,,,0,70,,6254,22,,,0,30,,6265,22,,,0,70,,6269,22,,,0,30,,6252,22,,,0,70,,6274,22,,,0,30,,6257,22,,,0,70,,6262,22,,,0,30,,6278,22,,,0,70,,6263,22,,,0,100,,6272,22,,,0,100,,6249,22,,,0,100,,6255,22,,,0,100,,6266,22,,,0,100,,6250,22,,,0
2200,'46d9dc64-b71a-40f7-adb2-d359d9a69bc5',603,,6302,22,,,0,100,,6279,22,,,0,100,,6288,22,,,0,100,,6280,22,,,0,100,,6297,22,,,0,30,,6290,22,,,0,70,,6304,22,,,0,30,,6293,22,,,0,70,,6303,22,,,0,30,,6284,22,,,0,70,,6281,22,,,0,30,,6292,22,,,0,70,,6299,22,,,0,30,,6294,22,,,0,70,,6301,22,,,0,30,,6283,22,,,0,70,,6300,22,,,0,30,,6298,22,,,0,70,,6291,22,,,0,30,,6295,22,,,0,70,,6289,22,,,0,100,,6296,22,,,0,100,,6287,22,,,0,100,,6286,22,,,0,100,,6282,22,,,0,100,,6285,22,,,0
2200,'67b24b5a-e659-4c7b-baa6-fdcd9c66198c',603,,6327,22,,,0,30,,6307,22,,,0,70,,6320,22,,,0,30,,6321,22,,,0,70,,6331,22,,,0,30,,6319,22,,,0,70,,6322,22,,,0,30,,6323,22,,,0,70,,6333,22,,,0,30,,6332,22,,,0,70,,6306,22,,,0,30,,6329,22,,,0,70,,6308,22,,,0,30,,6325,22,,,0,70,,6334,22,,,0,30,,6314,22,,,0,70,,6311,22,,,0,30,,6310,22,,,0,70,,6326,22,,,0,30,,6309,22,,,0,70,,6324,22,,,0,30,,6328,22,,,0,70,,6315,22,,,0,30,,6305,22,,,0,70,,6318,22,,,0,100,,6313,22,,,0,100,,6317,22,,,0,100,,6316,22,,,0,100,,6312,22,,,0,100,,6330,22,,,0
2200,'973d8456-b6fb-41ea-957b-0e1777112dd0',603,,6336,22,,,0,100,,6335,22,,,0,100,,6337,22,,,0,100,,6359,22,,,0,100,,6339,22,,,0,30,,6350,22,,,0,70,,6358,22,,,0,30,,6342,22,,,0,70,,6349,22,,,0,30,,6338,22,,,0,70,,6356,22,,,0,30,,6340,22,,,0,70,,6341,22,,,0,30,,6347,22,,,0,70,,6351,22,,,0,30,,6345,22,,,0,70,,6354,22,,,0,30,,6344,22,,,0,70,,6357,22,,,0,30,,6343,22,,,0,70,,6346,22,,,0,100,,6355,22,,,0,100,,6353,22,,,0,100,,6352,22,,,0,100,,6348,22,,,0,100,,6360,22,,,0
2200,'a9ed4dda-1621-4e5b-9bac-0abfa7fd8601',903,,6363,22,,,0,100,,6368,22,,,0,100,,6369,22,,,0,100,,6370,22,,,0,100,,6364,22,,,0,100,,6362,22,,,0,100,,6366,22,,,0,100,,6367,22,,,0,100,,6365,22,,,0,100,,6361,22,,,0
2200,'c6a9f587-91b7-4740-af4c-5ee6be215e3e',903,,6371,22,,,0,100,,6375,22,,,0,100,,6379,22,,,0,100,,6374,22,,,0,100,,6372,22,,,0,100,,6373,22,,,0,100,,6380,22,,,0,100,,6377,22,,,0,100,,6376,22,,,0,100,,6378,22,,,0
2200,'f6d6175b-015f-41c4-bb6e-f3fb65f7b202',903,,6388,22,,,0,100,,6385,22,,,0,100,,6384,22,,,0,100,,6381,22,,,0,100,,6389,22,,,0,100,,6382,22,,,0,100,,6383,22,,,0,100,,6390,22,,,0,100,,6387,22,,,0,100,,6386,22,,,0
