800,'1566a7a5-e049-4449-ad36-997dfbc0ff5e',603,,5694,15,,,0,30,,5705,15,,,0,70,,5686,15,,,0,30,,5683,15,,,0,70,,5703,15,,,0,30,,5681,15,,,0,70,,5707,15,,,0,30,,5695,15,,,0,70,,5709,15,,,0,30,,5688,15,,,0,70,,5702,15,,,0,30,,5706,15,,,0,70,,5701,15,,,0,30,,5710,15,,,0,70,,5684,15,,,0,30,,5704,15,,,0,70,,5691,15,,,0,30,,5693,15,,,0,70,,5687,15,,,0,30,,5692,15,,,0,70,,5708,15,,,0,30,,5685,15,,,0,70,,5690,15,,,0,30,,5699,15,,,0,70,,5697,15,,,0,100,,5698,15,,,0,100,,5696,15,,,0,100,,5700,15,,,0,100,,5689,15,,,0,100,,5682,15,,,0
800,'46d9dc64-b71a-40f7-adb2-d359d9a69bc5',603,,5714,15,,,0,100,,5734,15,,,0,100,,5718,15,,,0,100,,5733,15,,,0,100,,5722,15,,,0,30,,5721,15,,,0,70,,5729,15,,,0,30,,5719,15,,,0,70,,5712,15,,,0,30,,5730,15,,,0,70,,5726,15,,,0,30,,5723,15,,,0,70,,5713,15,,,0,30,,5715,15,,,0,70,,5725,15,,,0,30,,5731,15,,,0,70,,5711,15,,,0,30,,5728,15,,,0,70,,5736,15,,,0,30,,5724,15,,,0,70,,5732,15,,,0,100,,5720,15,,,0,100,,5716,15,,,0,100,,5717,15,,,0,100,,5735,15,,,0,100,,5727,15,,,0
800,'67b24b5a-e659-4c7b-baa6-fdcd9c66198c',603,,5762,15,,,0,30,,5742,15,,,0,70,,5756,15,,,0,30,,5737,15,,,0,70,,5763,15,,,0,30,,5765,15,,,0,70,,5750,15,,,0,30,,5764,15,,,0,70,,5747,15,,,0,30,,5738,15,,,0,70,,5758,15,,,0,30,,5757,15,,,0,70,,5751,15,,,0,30,,5754,15,,,0,70,,5740,15,,,0,30,,5744,15,,,0,70,,5753,15,,,0,30,,5761,15,,,0,70,,5755,15,,,0,30,,5752,15,,,0,70,,5760,15,,,0,30,,5745,15,,,0,70,,5766,15,,,0,30,,5759,15,,,0,70,,5743,15,,,0,100,,5739,15,,,0,100,,5748,15,,,0,100,,5741,15,,,0,100,,5749,15,,,0,100,,5746,15,,,0
800,'973d8456-b6fb-41ea-957b-0e1777112dd0',603,,5787,15,,,0,100,,5774,15,,,0,100,,5790,15,,,0,100,,5768,15,,,0,100,,5779,15,,,0,30,,5788,15,,,0,70,,5773,15,,,0,30,,5781,15,,,0,70,,5783,15,,,0,30,,5770,15,,,0,70,,5771,15,,,0,30,,5791,15,,,0,70,,5785,15,,,0,30,,5777,15,,,0,70,,5772,15,,,0,30,,5767,15,,,0,70,,5769,15,,,0,30,,5775,15,,,0,70,,5786,15,,,0,30,,5784,15,,,0,70,,5782,15,,,0,100,,5778,15,,,0,100,,5789,15,,,0,100,,5792,15,,,0,100,,5776,15,,,0,100,,5780,15,,,0
800,'a9ed4dda-1621-4e5b-9bac-0abfa7fd8601',903,,5802,15,,,0,100,,5797,15,,,0,100,,5798,15,,,0,100,,5793,15,,,0,100,,5799,15,,,0,100,,5794,15,,,0,100,,5800,15,,,0,100,,5796,15,,,0,100,,5801,15,,,0,100,,5795,15,,,0
800,'c6a9f587-91b7-4740-af4c-5ee6be215e3e',903,,5812,15,,,0,100,,5805,15,,,0,100,,5809,15,,,0,100,,5808,15,,,0,100,,5810,15,,,0,100,,5806,15,,,0,100,,5803,15,,,0,100,,5804,15,,,0,100,,5811,15,,,0,100,,5807,15,,,0
800,'f6d6175b-015f-41c4-bb6e-f3fb65f7b202',903,,5814,15,,,0,100,,5822,15,,,0,100,,5815,15,,,0,100,,5818,15,,,0,100,,5813,15,,,0,100,,5816,15,,,0,100,,5821,15,,,0,100,,5819,15,,,0,100,,5817,15,,,0,100,,5820,15,,,0
2200,'1566a7a5-e049-4449-ad36-997dfbc0ff5e',603,,6259,28,,,0,30,,6276,28,,,0,70,,6261,28,,,0,30,,6264,28,,,0,70,,6260,28,,,0,30,,6275,28,,,0,70,,6256,28,,,0,30,,6277,28,,,0,70,,6253,28,,,0,30,,6268,28,,,0,70,,6267,28,,,0,30,,6273,28,,,0,70,,6270,28,,,0,30,,6271,28,,,0,70,,6251,28,,,0,30,,6258,28,,,0,70,,6254,28,,,0,30,,6265,28,,,0,70,,6269,28,,,0,30,,6252,28,,,0,70,,6274,28,,,0,30,,6257,28,,,0,70,,6262,28,,,0,30,,6278,28,,,0,70,,6263,28,,,0,100,,6272,28,,,0,100,,6249,28,,,0,100,,6255,28,,,0,100,,6266,28,,,0,100,,6250,28,,,0
2200,'46d9dc64-b71a-40f7-adb2-d359d9a69bc5',603,,6302,28,,,0,100,,6279,28,,,0,100,,6288,28,,,0,100,,6280,28,,,0,100,,6297,28,,,0,30,,6290,28,,,0,70,,6304,28,,,0,30,,6293,28,,,0,70,,6303,28,,,0,30,,6284,28,,,0,70,,6281,28,,,0,30,,6292,28,,,0,70,,6299,28,,,0,30,,6294,28,,,0,70,,6301,28,,,0,30,,6283,28,,,0,70,,6300,28,,,0,30,,6298,28,,,0,70,,6291,28,,,0,30,,6295,28,,,0,70,,6289,28,,,0,100,,6296,28,,,0,100,,6287,28,,,0,100,,6286,28,,,0,100,,6282,28,,,0,100,,6285,28,,,0
2200,'67b24b5a-e659-4c7b-baa6-fdcd9c66198c',603,,6327,28,,,0,30,,6307,28,,,0,70,,6320,28,,,0,30,,6321,28,,,0,70,,6331,28,,,0,30,,6319,28,,,0,70,,6322,28,,,0,30,,6323,28,,,0,70,,6333,28,,,0,30,,6332,28,,,0,70,,6306,28,,,0,30,,6329,28,,,0,70,,6308,28,,,0,30,,6325,28,,,0,70,,6334,28,,,0,30,,6314,28,,,0,70,,6311,28,,,0,30,,6310,28,,,0,70,,6326,28,,,0,30,,6309,28,,,0,70,,6324,28,,,0,30,,6328,28,,,0,70,,6315,28,,,0,30,,6305,28,,,0,70,,6318,28,,,0,100,,6313,28,,,0,100,,6317,28,,,0,100,,6316,28,,,0,100,,6312,28,,,0,100,,6330,28,,,0
2200,'973d8456-b6fb-41ea-957b-0e1777112dd0',603,,6336,28,,,0,100,,6335,28,,,0,100,,6337,28,,,0,100,,6359,28,,,0,100,,6339,28,,,0,30,,6350,28,,,0,70,,6358,28,,,0,30,,6342,28,,,0,70,,6349,28,,,0,30,,6338,28,,,0,70,,6356,28,,,0,30,,6340,28,,,0,70,,6341,28,,,0,30,,6347,28,,,0,70,,6351,28,,,0,30,,6345,28,,,0,70,,6354,28,,,0,30,,6344,28,,,0,70,,6357,28,,,0,30,,6343,28,,,0,70,,6346,28,,,0,100,,6355,28,,,0,100,,6353,28,,,0,100,,6352,28,,,0,100,,6348,28,,,0,100,,6360,28,,,0
2200,'a9ed4dda-1621-4e5b-9bac-0abfa7fd8601',903,,6363,28,,,0,100,,6368,28,,,0,100,,6369,28,,,0,100,,6370,28,,,0,100,,6364,28,,,0,100,,6362,28,,,0,100,,6366,28,,,0,100,,6367,28,,,0,100,,6365,28,,,0,100,,6361,28,,,0
2200,'c6a9f587-91b7-4740-af4c-5ee6be215e3e',903,,6371,28,,,0,100,,6375,28,,,0,100,,6379,28,,,0,100,,6374,28,,,0,100,,6372,28,,,0,100,,6373,28,,,0,100,,6380,28,,,0,100,,6377,28,,,0,100,,6376,28,,,0,100,,6378,28,,,0
2200,'f6d6175b-015f-41c4-bb6e-f3fb65f7b202',903,,6388,28,,,0,100,,6385,28,,,0,100,,6384,28,,,0,100,,6381,28,,,0,100,,6389,28,,,0,100,,6382,28,,,0,100,,6383,28,,,0,100,,6390,28,,,0,100,,6387,28,,,0,100,,6386,28,,,0
