800,'1566a7a5-e049-4449-ad36-997dfbc0ff5e',620,,5694,77,,,0,30,,5705,77,,,0,70,,5686,77,,,0,30,,5683,77,,,0,70,,5703,77,,,0,30,,5681,77,,,0,70,,5707,77,,,0,30,,5695,77,,,0,70,,5709,77,,,0,30,,5688,77,,,0,70,,5702,77,,,0,30,,5706,77,,,0,70,,5701,77,,,0,30,,5710,77,,,0,70,,5684,77,,,0,30,,5704,77,,,0,70,,5691,77,,,0,30,,5693,77,,,0,70,,5687,77,,,0,30,,5692,77,,,0,70,,5708,77,,,0,30,,5685,77,,,0,70,,5690,77,,,0,30,,5699,77,,,0,70,,5697,77,,,0,100,,5698,77,,,0,100,,5696,77,,,0,100,,5700,77,,,0,100,,5689,77,,,0,100,,5682,77,,,0
800,'46d9dc64-b71a-40f7-adb2-d359d9a69bc5',620,,5714,77,,,0,100,,5734,77,,,0,100,,5718,77,,,0,100,,5733,77,,,0,100,,5722,77,,,0,30,,5721,77,,,0,70,,5729,77,,,0,30,,5719,77,,,0,70,,5712,77,,,0,30,,5730,77,,,0,70,,5726,77,,,0,30,,5723,77,,,0,70,,5713,77,,,0,30,,5715,77,,,0,70,,5725,77,,,0,30,,5731,77,,,0,70,,5711,77,,,0,30,,5728,77,,,0,70,,5736,77,,,0,30,,5724,77,,,0,70,,5732,77,,,0,100,,5720,77,,,0,100,,5716,77,,,0,100,,5717,77,,,0,100,,5735,77,,,0,100,,5727,77,,,0
800,'67b24b5a-e659-4c7b-baa6-fdcd9c66198c',620,,5762,77,,,0,30,,5742,77,,,0,70,,5756,77,,,0,30,,5737,77,,,0,70,,5763,77,,,0,30,,5765,77,,,0,70,,5750,77,,,0,30,,5764,77,,,0,70,,5747,77,,,0,30,,5738,77,,,0,70,,5758,77,,,0,30,,5757,77,,,0,70,,5751,77,,,0,30,,5754,77,,,0,70,,5740,77,,,0,30,,5744,77,,,0,70,,5753,77,,,0,30,,5761,77,,,0,70,,5755,77,,,0,30,,5752,77,,,0,70,,5760,77,,,0,30,,5745,77,,,0,70,,5766,77,,,0,30,,5759,77,,,0,70,,5743,77,,,0,100,,5739,77,,,0,100,,5748,77,,,0,100,,5741,77,,,0,100,,5749,77,,,0,100,,5746,77,,,0
800,'973d8456-b6fb-41ea-957b-0e1777112dd0',620,,5787,77,,,0,100,,5774,77,,,0,100,,5790,77,,,0,100,,5768,77,,,0,100,,5779,77,,,0,30,,5788,77,,,0,70,,5773,77,,,0,30,,5781,77,,,0,70,,5783,77,,,0,30,,5770,77,,,0,70,,5771,77,,,0,30,,5791,77,,,0,70,,5785,77,,,0,30,,5777,77,,,0,70,,5772,77,,,0,30,,5767,77,,,0,70,,5769,77,,,0,30,,5775,77,,,0,70,,5786,77,,,0,30,,5784,77,,,0,70,,5782,77,,,0,100,,5778,77,,,0,100,,5789,77,,,0,100,,5792,77,,,0,100,,5776,77,,,0,100,,5780,77,,,0
800,'a9ed4dda-1621-4e5b-9bac-0abfa7fd8601',920,,5802,77,,,0,100,,5797,77,,,0,100,,5798,77,,,0,100,,5793,77,,,0,100,,5799,77,,,0,100,,5794,77,,,0,100,,5800,77,,,0,100,,5796,77,,,0,100,,5801,77,,,0,100,,5795,77,,,0
800,'c6a9f587-91b7-4740-af4c-5ee6be215e3e',920,,5812,77,,,0,100,,5805,77,,,0,100,,5809,77,,,0,100,,5808,77,,,0,100,,5810,77,,,0,100,,5806,77,,,0,100,,5803,77,,,0,100,,5804,77,,,0,100,,5811,77,,,0,100,,5807,77,,,0
800,'f6d6175b-015f-41c4-bb6e-f3fb65f7b202',921,,5814,77,,,0,100,,5822,77,,,0,100,,5815,77,,,0,100,,5818,77,,,0,100,,5813,77,,,0,100,,5816,77,,,0,100,,5821,77,,,0,101,,5819,77,,,0,99,,5817,77,,,0,100,,5820,77,,,0
2200,'1566a7a5-e049-4449-ad36-997dfbc0ff5e',621,,6259,126,,,0,30,,6276,126,,,0,70,,6261,126,,,0,30,,6264,126,,,0,70,,6260,126,,,0,30,,6275,126,,,0,70,,6256,126,,,0,30,,6277,126,,,0,70,,6253,126,,,0,30,,6268,126,,,0,70,,6267,126,,,0,30,,6273,126,,,0,70,,6270,126,,,0,30,,6271,126,,,0,70,,6251,126,,,0,30,,6258,126,,,0,70,,6254,126,,,0,30,,6265,126,,,0,70,,6269,126,,,0,30,,6252,126,,,0,70,,6274,126,,,0,30,,6257,126,,,0,70,,6262,126,,,0,30,,6278,126,,,0,70,,6263,126,,,0,100,,6272,126,,,0,100,,6249,126,,,0,100,,6255,126,,,0,100,,6266,126,,,0,100,,6250,126,,,0
2200,'46d9dc64-b71a-40f7-adb2-d359d9a69bc5',621,,6302,126,,,0,100,,6279,126,,,0,100,,6288,126,,,0,100,,6280,126,,,0,100,,6297,126,,,0,30,,6290,126,,,0,70,,6304,126,,,0,30,,6293,126,,,0,70,,6303,126,,,0,30,,6284,126,,,0,70,,6281,126,,,0,30,,6292,126,,,0,70,,6299,126,,,0,30,,6294,126,,,0,70,,6301,126,,,0,30,,6283,126,,,0,70,,6300,126,,,0,30,,6298,126,,,0,70,,6291,126,,,0,30,,6295,126,,,0,70,,6289,126,,,0,100,,6296,126,,,0,100,,6287,126,,,0,100,,6286,126,,,0,100,,6282,126,,,0,100,,6285,126,,,0
2200,'67b24b5a-e659-4c7b-baa6-fdcd9c66198c',621,,6327,126,,,0,30,,6307,126,,,0,70,,6320,126,,,0,30,,6321,126,,,0,70,,6331,126,,,0,30,,6319,126,,,0,70,,6322,126,,,0,30,,6323,126,,,0,70,,6333,126,,,0,30,,6332,126,,,0,70,,6306,126,,,0,30,,6329,126,,,0,70,,6308,126,,,0,30,,6325,126,,,0,70,,6334,126,,,0,30,,6314,126,,,0,70,,6311,126,,,0,30,,6310,126,,,0,70,,6326,126,,,0,30,,6309,126,,,0,70,,6324,126,,,0,30,,6328,126,,,0,70,,6315,126,,,0,30,,6305,126,,,0,70,,6318,126,,,0,100,,6313,126,,,0,100,,6317,126,,,0,100,,6316,126,,,0,100,,6312,126,,,0,100,,6330,126,,,0
2200,'973d8456-b6fb-41ea-957b-0e1777112dd0',621,,6336,126,,,0,100,,6335,126,,,0,100,,6337,126,,,0,100,,6359,126,,,0,100,,6339,126,,,0,30,,6350,126,,,0,70,,6358,126,,,0,30,,6342,126,,,0,70,,6349,126,,,0,30,,6338,126,,,0,70,,6356,126,,,0,30,,6340,126,,,0,70,,6341,126,,,0,30,,6347,126,,,0,70,,6351,126,,,0,30,,6345,126,,,0,70,,6354,126,,,0,30,,6344,126,,,0,70,,6357,126,,,0,30,,6343,126,,,0,70,,6346,126,,,0,100,,6355,126,,,0,100,,6353,126,,,0,100,,6352,126,,,0,100,,6348,126,,,0,100,,6360,126,,,0
2200,'a9ed4dda-1621-4e5b-9bac-0abfa7fd8601',921,,6363,126,,,0,100,,6368,126,,,0,100,,6369,126,,,0,100,,6370,126,,,0,100,,6364,126,,,0,100,,6362,126,,,0,100,,6366,126,,,0,100,,6367,126,,,0,100,,6365,126,,,0,100,,6361,126,,,0
2200,'c6a9f587-91b7-4740-af4c-5ee6be215e3e',921,,6371,126,,,0,100,,6375,126,,,0,100,,6379,126,,,0,100,,6374,126,,,0,100,,6372,126,,,0,100,,6373,126,,,0,100,,6380,126,,,0,100,,6377,126,,,0,100,,6376,126,,,0,100,,6378,126,,,0
2200,'f6d6175b-015f-41c4-bb6e-f3fb65f7b202',921,,6388,126,,,0,100,,6385,126,,,0,100,,6384,126,,,0,100,,6381,126,,,0,100,,6389,126,,,0,100,,6382,126,,,0,100,,6383,126,,,0,100,,6390,126,,,0,100,,6387,126,,,0,100,,6386,126,,,0
