800,'03efaf84-981a-4a44-a791-7dc95a139838',922,,4529,82,,,0,100,,4525,82,,,0,100,,4530,82,,,0,100,,4527,82,,,0,100,,4526,82,,,0,100,,4528,82,,,0,100,,4533,82,,,0,100,,4531,82,,,0,100,,4534,82,,,0,100,,4532,82,,,0
800,'2015f747-2b22-4f8e-845d-b79a5889ca4e',622,,4542,82,,,0,100,,4540,82,,,0,100,,4536,82,,,0,100,,4545,82,,,0,100,,4548,82,,,0,30,,4543,82,,,0,70,,4557,82,,,0,30,,4535,82,,,0,70,,4539,82,,,0,30,,4554,82,,,0,70,,4544,82,,,0,30,,4551,82,,,0,70,,4549,82,,,0,30,,4558,82,,,0,70,,4541,82,,,0,30,,4537,82,,,0,70,,4550,82,,,0,30,,4538,82,,,0,70,,4555,82,,,0,30,,4559,82,,,0,70,,4560,82,,,0,100,,4546,82,,,0,100,,4547,82,,,0,100,,4553,82,,,0,100,,4556,82,,,0,100,,4552,82,,,0
800,'47efc5d5-afa2-4db3-be64-cfe6ff704e1d',923,,4565,82,,,0,100,,4570,82,,,0,100,,4562,82,,,0,100,,4563,82,,,0,100,,4561,82,,,0,100,,4568,82,,,0,100,,4564,82,,,0,102,,4569,82,,,0,98,,4567,82,,,0,100,,4566,82,,,0
800,'66bdea5d-d5c9-4b01-ab9c-34d3bd199595',622,,4574,82,,,0,30,,4581,82,,,0,70,,4591,82,,,0,30,,4592,82,,,0,70,,4594,82,,,0,30,,4590,82,,,0,70,,4588,82,,,0,30,,4600,82,,,0,70,,4578,82,,,0,30,,4585,82,,,0,70,,4577,82,,,0,30,,4599,82,,,0,70,,4586,82,,,0,30,,4597,82,,,0,70,,4573,82,,,0,30,,4571,82,,,0,70,,4580,82,,,0,30,,4572,82,,,0,70,,4593,82,,,0,30,,4596,82,,,0,70,,4589,82,,,0,30,,4579,82,,,0,70,,4584,82,,,0,30,,4598,82,,,0,70,,4595,82,,,0,100,,4575,82,,,0,100,,4576,82,,,0,100,,4582,82,,,0,100,,4587,82,,,0,100,,4583,82,,,0
800,'7f8a98ef-7552-438c-8cf0-7659ffaf9805',622,,4609,82,,,0,30,,4623,82,,,0,70,,4620,82,,,0,30,,4613,82,,,0,70,,4626,82,,,0,30,,4616,82,,,0,70,,4630,82,,,0,30,,4604,82,,,0,70,,4614,82,,,0,30,,4607,82,,,0,70,,4618,82,,,0,30,,4628,82,,,0,70,,4629,82,,,0,30,,4615,82,,,0,70,,4606,82,,,0,30,,4624,82,,,0,70,,4627,82,,,0,30,,4619,82,,,0,70,,4610,82,,,0,30,,4622,82,,,0,70,,4603,82,,,0,30,,4621,82,,,0,70,,4602,82,,,0,30,,4617,82,,,0,70,,4605,82,,,0,100,,4601,82,,,0,100,,4611,82,,,0,100,,4625,82,,,0,100,,4612,82,,,0,100,,4608,82,,,0
800,'90df7812-f7c9-4ca6-ba61-2b2c9c2604e1',622,,4633,82,,,0,100,,4647,82,,,0,100,,4638,82,,,0,100,,4644,82,,,0,100,,4639,82,,,0,30,,4655,82,,,0,70,,4645,82,,,0,30,,4646,82,,,0,70,,4631,82,,,0,30,,4640,82,,,0,70,,4632,82,,,0,30,,4656,82,,,0,70,,4636,82,,,0,30,,4651,82,,,0,70,,4642,82,,,0,30,,4650,82,,,0,70,,4637,82,,,0,30,,4648,82,,,0,70,,4654,82,,,0,30,,4634,82,,,0,70,,4635,82,,,0,100,,4643,82,,,0,100,,4649,82,,,0,100,,4641,82,,,0,100,,4652,82,,,0,100,,4653,82,,,0
800,'d42ada0d-ea72-4040-842e-b57703aa4328',922,,4666,82,,,0,100,,4658,82,,,0,100,,4657,82,,,0,100,,4665,82,,,0,100,,4663,82,,,0,100,,4664,82,,,0,100,,4661,82,,,0,100,,4662,82,,,0,100,,4660,82,,,0,100,,4659,82,,,0
2200,'03efaf84-981a-4a44-a791-7dc95a139838',924,,5100,132,,,0,100,,5096,132,,,0,100,,5098,132,,,0,100,,5093,132,,,0,100,,5099,132,,,0,100,,5095,132,,,0,100,,5102,132,,,0,100,,5094,132,,,0,100,,5097,132,,,0,100,,5101,132,,,0
2200,'2015f747-2b22-4f8e-845d-b79a5889ca4e',624,,5104,132,,,0,100,,5119,132,,,0,100,,5105,132,,,0,100,,5123,132,,,0,100,,5107,132,,,0,30,,5124,132,,,0,70,,5112,132,,,0,30,,5109,132,,,0,70,,5118,132,,,0,30,,5121,132,,,0,70,,5115,132,,,0,30,,5126,132,,,0,70,,5110,132,,,0,30,,5128,132,,,0,70,,5108,132,,,0,30,,5117,132,,,0,70,,5103,132,,,0,30,,5122,132,,,0,70,,5120,132,,,0,30,,5114,132,,,0,70,,5125,132,,,0,100,,5111,132,,,0,100,,5116,132,,,0,100,,5106,132,,,0,100,,5127,132,,,0,100,,5113,132,,,0
2200,'47efc5d5-afa2-4db3-be64-cfe6ff704e1d',924,,5129,132,,,0,100,,5133,132,,,0,100,,5138,132,,,0,100,,5135,132,,,0,100,,5134,132,,,0,100,,5130,132,,,0,100,,5136,132,,,0,100,,5132,132,,,0,100,,5131,132,,,0,100,,5137,132,,,0
2200,'66bdea5d-d5c9-4b01-ab9c-34d3bd199595',624,,5149,132,,,0,30,,5140,132,,,0,70,,5152,132,,,0,30,,5165,132,,,0,70,,5141,132,,,0,30,,5163,132,,,0,70,,5159,132,,,0,30,,5145,132,,,0,70,,5139,132,,,0,30,,5166,132,,,0,70,,5155,132,,,0,30,,5153,132,,,0,70,,5160,132,,,0,30,,5143,132,,,0,70,,5158,132,,,0,30,,5144,132,,,0,70,,5142,132,,,0,30,,5148,132,,,0,70,,5156,132,,,0,30,,5154,132,,,0,70,,5151,132,,,0,30,,5162,132,,,0,70,,5146,132,,,0,30,,5164,132,,,0,70,,5168,132,,,0,100,,5150,132,,,0,100,,5147,132,,,0,100,,5167,132,,,0,100,,5157,132,,,0,100,,5161,132,,,0
2200,'7f8a98ef-7552-438c-8cf0-7659ffaf9805',624,,5193,132,,,0,30,,5180,132,,,0,70,,5179,132,,,0,30,,5177,132,,,0,70,,5189,132,,,0,30,,5172,132,,,0,70,,5197,132,,,0,30,,5184,132,,,0,70,,5181,132,,,0,30,,5191,132,,,0,70,,5185,132,,,0,30,,5183,132,,,0,70,,5196,132,,,0,30,,5169,132,,,0,70,,5188,132,,,0,30,,5198,132,,,0,70,,5175,132,,,0,30,,5173,132,,,0,70,,5174,132,,,0,30,,5195,132,,,0,70,,5182,132,,,0,30,,5187,132,,,0,70,,5178,132,,,0,30,,5190,132,,,0,70,,5192,132,,,0,100,,5171,132,,,0,100,,5194,132,,,0,100,,5186,132,,,0,100,,5170,132,,,0,100,,5176,132,,,0
2200,'90df7812-f7c9-4ca6-ba61-2b2c9c2604e1',624,,5215,132,,,0,100,,5203,132,,,0,100,,5223,132,,,0,100,,5202,132,,,0,100,,5211,132,,,0,30,,5212,132,,,0,70,,5219,132,,,0,30,,5213,132,,,0,70,,5216,132,,,0,30,,5222,132,,,0,70,,5210,132,,,0,30,,5207,132,,,0,70,,5199,132,,,0,30,,5208,132,,,0,70,,5221,132,,,0,30,,5220,132,,,0,70,,5204,132,,,0,30,,5205,132,,,0,70,,5209,132,,,0,30,,5218,132,,,0,70,,5206,132,,,0,100,,5217,132,,,0,100,,5224,132,,,0,100,,5214,132,,,0,100,,5200,132,,,0,100,,5201,132,,,0
2200,'d42ada0d-ea72-4040-842e-b57703aa4328',924,,5226,132,,,0,100,,5230,132,,,0,100,,5231,132,,,0,100,,5229,132,,,0,100,,5225,132,,,0,100,,5232,132,,,0,100,,5228,132,,,0,100,,5234,132,,,0,100,,5227,132,,,0,100,,5233,132,,,0
100401,'66bdea5d-d5c9-4b01-ab9c-34d3bd199595',554,,5391,43,,,0
100401,'7f8a98ef-7552-438c-8cf0-7659ffaf9805',554,,5392,43,,,0
