300,'1566a7a5-e049-4449-ad36-997dfbc0ff5e',611,,5413,43,,,0,30,,5416,43,,,0,70,,5425,43,,,0,30,,5397,43,,,0,70,,5407,43,,,0,30,,5408,43,,,0,70,,5417,43,,,0,30,,5403,43,,,0,70,,5401,43,,,0,30,,5422,43,,,0,70,,5409,43,,,0,30,,5423,43,,,0,70,,5424,43,,,0,30,,5426,43,,,0,70,,5411,43,,,0,30,,5402,43,,,0,70,,5415,43,,,0,30,,5418,43,,,0,70,,5399,43,,,0,30,,5421,43,,,0,70,,5419,43,,,0,30,,5420,43,,,0,70,,5404,43,,,0,30,,5410,43,,,0,100,,5398,43,,,0,100,,5406,43,,,0,100,,5400,43,,,0,100,,5412,43,,,0,100,,5405,43,,,0,100,,5414,43,,,0
300,'46d9dc64-b71a-40f7-adb2-d359d9a69bc5',641,,5441,43,,,0,100,,5451,43,,,0,100,,5427,43,,,0,100,,5447,43,,,0,70,,5450,43,,,0,30,,5431,43,,,0,70,,5440,43,,,0,30,,5429,43,,,0,70,,5434,43,,,0,30,,5448,43,,,0,70,,5439,43,,,0,30,,5432,43,,,0,70,,5438,43,,,0,30,,5442,43,,,0,70,,5430,43,,,0,30,,5445,43,,,0,70,,5433,43,,,0,30,,5428,43,,,0,70,,5452,43,,,0,30,,5437,43,,,0,100,,5436,43,,,0,100,,5446,43,,,0,100,,5443,43,,,0,100,,5444,43,,,0,100,,5435,43,,,0,100,,5449,43,,,0
300,'67b24b5a-e659-4c7b-baa6-fdcd9c66198c',611,,5468,43,,,0,30,,5467,43,,,0,70,,5466,43,,,0,30,,5465,43,,,0,70,,5464,43,,,0,30,,5457,43,,,0,70,,5456,43,,,0,30,,5471,43,,,0,70,,5455,43,,,0,30,,5477,43,,,0,70,,5480,43,,,0,30,,5461,43,,,0,70,,5454,43,,,0,30,,5478,43,,,0,70,,5472,43,,,0,30,,5469,43,,,0,70,,5460,43,,,0,30,,5462,43,,,0,70,,5482,43,,,0,30,,5459,43,,,0,70,,5479,43,,,0,30,,5474,43,,,0,70,,5473,43,,,0,30,,5481,43,,,0,100,,5463,43,,,0,100,,5476,43,,,0,100,,5475,43,,,0,100,,5470,43,,,0,100,,5453,43,,,0,100,,5458,43,,,0
300,'973d8456-b6fb-41ea-957b-0e1777112dd0',641,,5494,43,,,0,100,,5506,43,,,0,100,,5499,43,,,0,100,,5486,43,,,0,70,,5501,43,,,0,30,,5503,43,,,0,70,,5500,43,,,0,30,,5507,43,,,0,70,,5491,43,,,0,30,,5490,43,,,0,70,,5488,43,,,0,30,,5502,43,,,0,70,,5498,43,,,0,30,,5485,43,,,0,70,,5484,43,,,0,30,,5483,43,,,0,70,,5504,43,,,0,30,,5508,43,,,0,70,,5487,43,,,0,30,,5493,43,,,0,100,,5497,43,,,0,100,,5489,43,,,0,100,,5495,43,,,0,100,,5492,43,,,0,100,,5505,43,,,0,100,,5496,43,,,0
300,'a9ed4dda-1621-4e5b-9bac-0abfa7fd8601',941,,5513,43,,,0,100,,5514,43,,,0,100,,5515,43,,,0,100,,5516,43,,,0,100,,5512,43,,,0,100,,5518,43,,,0,100,,5517,43,,,0,100,,5510,43,,,0,100,,5509,43,,,0,100,,5511,43,,,0
300,'c6a9f587-91b7-4740-af4c-5ee6be215e3e',941,,5527,43,,,0,100,,5523,43,,,0,100,,5526,43,,,0,100,,5521,43,,,0,100,,5525,43,,,0,100,,5520,43,,,0,100,,5528,43,,,0,100,,5519,43,,,0,100,,5524,43,,,0,100,,5522,43,,,0
300,'f6d6175b-015f-41c4-bb6e-f3fb65f7b202',941,,5534,43,,,0,100,,5529,43,,,0,100,,5533,43,,,0,100,,5532,43,,,0,100,,5537,43,,,0,100,,5536,43,,,0,100,,5530,43,,,0,100,,5538,43,,,0,100,,5535,43,,,0,100,,5531,43,,,0
800,'1566a7a5-e049-4449-ad36-997dfbc0ff5e',600,,5694,3,,,0,30,,5705,3,,,0,70,,5686,3,,,0,30,,5683,3,,,0,70,,5703,3,,,0,30,,5681,3,,,0,70,,5707,3,,,0,30,,5695,3,,,0,70,,5709,3,,,0,30,,5688,3,,,0,70,,5702,3,,,0,30,,5706,3,,,0,70,,5701,3,,,0,30,,5710,3,,,0,70,,5684,3,,,0,30,,5704,3,,,0,70,,5691,3,,,0,30,,5693,3,,,0,70,,5687,3,,,0,30,,5692,3,,,0,70,,5708,3,,,0,30,,5685,3,,,0,70,,5690,3,,,0,30,,5699,3,,,0,70,,5697,3,,,0,100,,5698,3,,,0,100,,5696,3,,,0,100,,5700,3,,,0,100,,5689,3,,,0,100,,5682,3,,,0
800,'46d9dc64-b71a-40f7-adb2-d359d9a69bc5',600,,5714,3,,,0,100,,5734,3,,,0,100,,5718,3,,,0,100,,5733,3,,,0,100,,5722,3,,,0,30,,5721,3,,,0,70,,5729,3,,,0,30,,5719,3,,,0,70,,5712,3,,,0,30,,5730,3,,,0,70,,5726,3,,,0,30,,5723,3,,,0,70,,5713,3,,,0,30,,5715,3,,,0,70,,5725,3,,,0,30,,5731,3,,,0,70,,5711,3,,,0,30,,5728,3,,,0,70,,5736,3,,,0,30,,5724,3,,,0,70,,5732,3,,,0,100,,5720,3,,,0,100,,5716,3,,,0,100,,5717,3,,,0,100,,5735,3,,,0,100,,5727,3,,,0
800,'67b24b5a-e659-4c7b-baa6-fdcd9c66198c',600,,5762,3,,,0,30,,5742,3,,,0,70,,5756,3,,,0,30,,5737,3,,,0,70,,5763,3,,,0,30,,5765,3,,,0,70,,5750,3,,,0,30,,5764,3,,,0,70,,5747,3,,,0,30,,5738,3,,,0,70,,5758,3,,,0,30,,5757,3,,,0,70,,5751,3,,,0,30,,5754,3,,,0,70,,5740,3,,,0,30,,5744,3,,,0,70,,5753,3,,,0,30,,5761,3,,,0,70,,5755,3,,,0,30,,5752,3,,,0,70,,5760,3,,,0,30,,5745,3,,,0,70,,5766,3,,,0,30,,5759,3,,,0,70,,5743,3,,,0,100,,5739,3,,,0,100,,5748,3,,,0,100,,5741,3,,,0,100,,5749,3,,,0,100,,5746,3,,,0
800,'973d8456-b6fb-41ea-957b-0e1777112dd0',600,,5787,3,,,0,100,,5774,3,,,0,100,,5790,3,,,0,100,,5768,3,,,0,100,,5779,3,,,0,30,,5788,3,,,0,70,,5773,3,,,0,30,,5781,3,,,0,70,,5783,3,,,0,30,,5770,3,,,0,70,,5771,3,,,0,30,,5791,3,,,0,70,,5785,3,,,0,30,,5777,3,,,0,70,,5772,3,,,0,30,,5767,3,,,0,70,,5769,3,,,0,30,,5775,3,,,0,70,,5786,3,,,0,30,,5784,3,,,0,70,,5782,3,,,0,100,,5778,3,,,0,100,,5789,3,,,0,100,,5792,3,,,0,100,,5776,3,,,0,100,,5780,3,,,0
800,'a9ed4dda-1621-4e5b-9bac-0abfa7fd8601',900,,5802,3,,,0,100,,5797,3,,,0,100,,5798,3,,,0,100,,5793,3,,,0,100,,5799,3,,,0,100,,5794,3,,,0,100,,5800,3,,,0,100,,5796,3,,,0,100,,5801,3,,,0,100,,5795,3,,,0
800,'c6a9f587-91b7-4740-af4c-5ee6be215e3e',900,,5812,3,,,0,100,,5805,3,,,0,100,,5809,3,,,0,100,,5808,3,,,0,100,,5810,3,,,0,100,,5806,3,,,0,100,,5803,3,,,0,100,,5804,3,,,0,100,,5811,3,,,0,100,,5807,3,,,0
800,'f6d6175b-015f-41c4-bb6e-f3fb65f7b202',900,,5814,3,,,0,100,,5822,3,,,0,100,,5815,3,,,0,100,,5818,3,,,0,100,,5813,3,,,0,100,,5816,3,,,0,100,,5821,3,,,0,100,,5819,3,,,0,100,,5817,3,,,0,100,,5820,3,,,0
