1400,'03efaf84-981a-4a44-a791-7dc95a139838',944,,4670,67,,,0,100,,4673,67,,,0,100,,4675,67,,,0,100,,4669,67,,,0,100,,4674,67,,,0,100,,4668,67,,,0,100,,4672,67,,,0,100,,4667,67,,,0,100,,4676,67,,,0,100,,4671,67,,,0
1400,'2015f747-2b22-4f8e-845d-b79a5889ca4e',644,,4682,67,,,0,100,,4680,67,,,0,100,,4698,67,,,0,100,,4697,67,,,0,70,,4699,67,,,0,30,,4688,67,,,0,70,,4678,67,,,0,30,,4686,67,,,0,70,,4687,67,,,0,30,,4690,67,,,0,70,,4695,67,,,0,30,,4700,67,,,0,70,,4694,67,,,0,30,,4692,67,,,0,70,,4701,67,,,0,30,,4691,67,,,0,70,,4693,67,,,0,30,,4684,67,,,0,70,,4696,67,,,0,30,,4685,67,,,0,100,,4679,67,,,0,100,,4683,67,,,0,100,,4677,67,,,0,100,,4689,67,,,0,100,,4702,67,,,0,100,,4681,67,,,0
1400,'47efc5d5-afa2-4db3-be64-cfe6ff704e1d',944,,4707,67,,,0,100,,4708,67,,,0,100,,4711,67,,,0,100,,4712,67,,,0,100,,4710,67,,,0,100,,4709,67,,,0,100,,4703,67,,,0,100,,4706,67,,,0,100,,4705,67,,,0,100,,4704,67,,,0
1400,'66bdea5d-d5c9-4b01-ab9c-34d3bd199595',614,,4730,67,,,0,30,,4734,67,,,0,70,,4719,67,,,0,30,,4735,67,,,0,70,,4733,67,,,0,30,,4720,67,,,0,70,,4729,67,,,0,30,,4740,67,,,0,70,,4715,67,,,0,30,,4717,67,,,0,70,,4721,67,,,0,30,,4742,67,,,0,70,,4714,67,,,0,30,,4737,67,,,0,70,,4713,67,,,0,30,,4725,67,,,0,70,,4728,67,,,0,30,,4723,67,,,0,70,,4732,67,,,0,30,,4731,67,,,0,70,,4716,67,,,0,30,,4718,67,,,0,70,,4739,67,,,0,30,,4736,67,,,0,100,,4726,67,,,0,100,,4724,67,,,0,100,,4727,67,,,0,100,,4741,67,,,0,100,,4722,67,,,0,100,,4738,67,,,0
1400,'7f8a98ef-7552-438c-8cf0-7659ffaf9805',614,,4750,67,,,0,30,,4753,67,,,0,70,,4754,67,,,0,30,,4765,67,,,0,70,,4751,67,,,0,30,,4762,67,,,0,70,,4749,67,,,0,30,,4756,67,,,0,70,,4752,67,,,0,30,,4745,67,,,0,70,,4761,67,,,0,30,,4747,67,,,0,70,,4760,67,,,0,30,,4758,67,,,0,70,,4772,67,,,0,30,,4766,67,,,0,70,,4770,67,,,0,30,,4769,67,,,0,70,,4764,67,,,0,30,,4771,67,,,0,70,,4746,67,,,0,30,,4744,67,,,0,70,,4768,67,,,0,30,,4757,67,,,0,100,,4743,67,,,0,100,,4763,67,,,0,100,,4748,67,,,0,100,,4755,67,,,0,100,,4767,67,,,0,100,,4759,67,,,0
1400,'90df7812-f7c9-4ca6-ba61-2b2c9c2604e1',644,,4779,67,,,0,100,,4791,67,,,0,100,,4773,67,,,0,100,,4795,67,,,0,70,,4789,67,,,0,30,,4798,67,,,0,70,,4793,67,,,0,30,,4777,67,,,0,70,,4774,67,,,0,30,,4797,67,,,0,70,,4790,67,,,0,30,,4782,67,,,0,70,,4783,67,,,0,30,,4796,67,,,0,70,,4776,67,,,0,30,,4794,67,,,0,70,,4785,67,,,0,30,,4788,67,,,0,70,,4792,67,,,0,30,,4775,67,,,0,100,,4781,67,,,0,100,,4784,67,,,0,100,,4786,67,,,0,100,,4787,67,,,0,100,,4780,67,,,0,100,,4778,67,,,0
1400,'d42ada0d-ea72-4040-842e-b57703aa4328',944,,4801,67,,,0,100,,4805,67,,,0,100,,4799,67,,,0,100,,4808,67,,,0,100,,4807,67,,,0,100,,4802,67,,,0,100,,4803,67,,,0,100,,4804,67,,,0,100,,4806,67,,,0,100,,4800,67,,,0
2200,'03efaf84-981a-4a44-a791-7dc95a139838',909,,5100,58,,,0,100,,5096,58,,,0,100,,5098,58,,,0,100,,5093,58,,,0,100,,5099,58,,,0,100,,5095,58,,,0,100,,5102,58,,,0,100,,5094,58,,,0,100,,5097,58,,,0,100,,5101,58,,,0
2200,'2015f747-2b22-4f8e-845d-b79a5889ca4e',609,,5104,58,,,0,100,,5119,58,,,0,100,,5105,58,,,0,100,,5123,58,,,0,100,,5107,58,,,0,30,,5124,58,,,0,70,,5112,58,,,0,30,,5109,58,,,0,70,,5118,58,,,0,30,,5121,58,,,0,70,,5115,58,,,0,30,,5126,58,,,0,70,,5110,58,,,0,30,,5128,58,,,0,70,,5108,58,,,0,30,,5117,58,,,0,70,,5103,58,,,0,30,,5122,58,,,0,70,,5120,58,,,0,30,,5114,58,,,0,70,,5125,58,,,0,100,,5111,58,,,0,100,,5116,58,,,0,100,,5106,58,,,0,100,,5127,58,,,0,100,,5113,58,,,0
2200,'47efc5d5-afa2-4db3-be64-cfe6ff704e1d',909,,5129,58,,,0,100,,5133,58,,,0,100,,5138,58,,,0,100,,5135,58,,,0,100,,5134,58,,,0,100,,5130,58,,,0,100,,5136,58,,,0,100,,5132,58,,,0,100,,5131,58,,,0,100,,5137,58,,,0
2200,'66bdea5d-d5c9-4b01-ab9c-34d3bd199595',609,,5149,58,,,0,30,,5140,58,,,0,70,,5152,58,,,0,30,,5165,58,,,0,70,,5141,58,,,0,30,,5163,58,,,0,70,,5159,58,,,0,30,,5145,58,,,0,70,,5139,58,,,0,30,,5166,58,,,0,70,,5155,58,,,0,30,,5153,58,,,0,70,,5160,58,,,0,30,,5143,58,,,0,70,,5158,58,,,0,30,,5144,58,,,0,70,,5142,58,,,0,30,,5148,58,,,0,70,,5156,58,,,0,30,,5154,58,,,0,70,,5151,58,,,0,30,,5162,58,,,0,70,,5146,58,,,0,30,,5164,58,,,0,70,,5168,58,,,0,100,,5150,58,,,0,100,,5147,58,,,0,100,,5167,58,,,0,100,,5157,58,,,0,100,,5161,58,,,0
2200,'7f8a98ef-7552-438c-8cf0-7659ffaf9805',609,,5193,58,,,0,30,,5180,58,,,0,70,,5179,58,,,0,30,,5177,58,,,0,70,,5189,58,,,0,30,,5172,58,,,0,70,,5197,58,,,0,30,,5184,58,,,0,70,,5181,58,,,0,30,,5191,58,,,0,70,,5185,58,,,0,30,,5183,58,,,0,70,,5196,58,,,0,30,,5169,58,,,0,70,,5188,58,,,0,30,,5198,58,,,0,70,,5175,58,,,0,30,,5173,58,,,0,70,,5174,58,,,0,30,,5195,58,,,0,70,,5182,58,,,0,30,,5187,58,,,0,70,,5178,58,,,0,30,,5190,58,,,0,70,,5192,58,,,0,100,,5171,58,,,0,100,,5194,58,,,0,100,,5186,58,,,0,100,,5170,58,,,0,100,,5176,58,,,0
2200,'90df7812-f7c9-4ca6-ba61-2b2c9c2604e1',609,,5215,58,,,0,100,,5203,58,,,0,100,,5223,58,,,0,100,,5202,58,,,0,100,,5211,58,,,0,30,,5212,58,,,0,70,,5219,58,,,0,30,,5213,58,,,0,70,,5216,58,,,0,30,,5222,58,,,0,70,,5210,58,,,0,30,,5207,58,,,0,70,,5199,58,,,0,30,,5208,58,,,0,70,,5221,58,,,0,30,,5220,58,,,0,70,,5204,58,,,0,30,,5205,58,,,0,70,,5209,58,,,0,30,,5218,58,,,0,70,,5206,58,,,0,100,,5217,58,,,0,100,,5224,58,,,0,100,,5214,58,,,0,100,,5200,58,,,0,100,,5201,58,,,0
2200,'d42ada0d-ea72-4040-842e-b57703aa4328',909,,5226,58,,,0,100,,5230,58,,,0,100,,5231,58,,,0,100,,5229,58,,,0,100,,5225,58,,,0,100,,5232,58,,,0,100,,5228,58,,,0,100,,5234,58,,,0,100,,5227,58,,,0,100,,5233,58,,,0
