2300,'03efaf84-981a-4a44-a791-7dc95a139838',911,,5236,48,,,0,100,,5238,48,,,0,100,,5242,48,,,0,100,,5240,48,,,0,100,,5235,48,,,0,100,,5243,48,,,0,100,,5244,48,,,0,100,,5241,48,,,0,100,,5237,48,,,0,100,,5239,48,,,0
2300,'2015f747-2b22-4f8e-845d-b79a5889ca4e',611,,5248,48,,,0,100,,5252,48,,,0,100,,5247,48,,,0,100,,5246,48,,,0,100,,5270,48,,,0,30,,5260,48,,,0,70,,5261,48,,,0,30,,5245,48,,,0,70,,5265,48,,,0,30,,5266,48,,,0,70,,5263,48,,,0,30,,5251,48,,,0,70,,5269,48,,,0,30,,5262,48,,,0,70,,5259,48,,,0,30,,5253,48,,,0,70,,5264,48,,,0,30,,5258,48,,,0,70,,5268,48,,,0,30,,5267,48,,,0,70,,5257,48,,,0,100,,5255,48,,,0,100,,5254,48,,,0,100,,5256,48,,,0,100,,5249,48,,,0,100,,5250,48,,,0
2300,'47efc5d5-afa2-4db3-be64-cfe6ff704e1d',911,,5272,48,,,0,100,,5275,48,,,0,100,,5273,48,,,0,100,,5277,48,,,0,100,,5278,48,,,0,100,,5271,48,,,0,100,,5279,48,,,0,100,,5280,48,,,0,100,,5276,48,,,0,100,,5274,48,,,0
2300,'66bdea5d-d5c9-4b01-ab9c-34d3bd199595',611,,5299,48,,,0,30,,5284,48,,,0,70,,5287,48,,,0,30,,5295,48,,,0,70,,5303,48,,,0,30,,5308,48,,,0,70,,5307,48,,,0,30,,5286,48,,,0,70,,5288,48,,,0,30,,5306,48,,,0,70,,5298,48,,,0,30,,5285,48,,,0,70,,5291,48,,,0,30,,5305,48,,,0,70,,5283,48,,,0,30,,5292,48,,,0,70,,5281,48,,,0,30,,5282,48,,,0,70,,5301,48,,,0,30,,5304,48,,,0,70,,5300,48,,,0,30,,5310,48,,,0,70,,5293,48,,,0,30,,5297,48,,,0,70,,5290,48,,,0,100,,5289,48,,,0,100,,5309,48,,,0,100,,5296,48,,,0,100,,5294,48,,,0,100,,5302,48,,,0
2300,'7f8a98ef-7552-438c-8cf0-7659ffaf9805',611,,5318,48,,,0,30,,5338,48,,,0,70,,5330,48,,,0,30,,5313,48,,,0,70,,5332,48,,,0,30,,5321,48,,,0,70,,5324,48,,,0,30,,5337,48,,,0,70,,5333,48,,,0,30,,5340,48,,,0,70,,5320,48,,,0,30,,5315,48,,,0,70,,5325,48,,,0,30,,5339,48,,,0,70,,5311,48,,,0,30,,5326,48,,,0,70,,5322,48,,,0,30,,5312,48,,,0,70,,5331,48,,,0,30,,5323,48,,,0,70,,5335,48,,,0,30,,5316,48,,,0,70,,5314,48,,,0,30,,5329,48,,,0,70,,5328,48,,,0,100,,5336,48,,,0,100,,5319,48,,,0,100,,5334,48,,,0,100,,5327,48,,,0,100,,5317,48,,,0
2300,'90df7812-f7c9-4ca6-ba61-2b2c9c2604e1',611,,5359,48,,,0,100,,5361,48,,,0,100,,5352,48,,,0,100,,5354,48,,,0,100,,5355,48,,,0,30,,5351,48,,,0,70,,5347,48,,,0,30,,5350,48,,,0,70,,5349,48,,,0,30,,5365,48,,,0,70,,5364,48,,,0,30,,5342,48,,,0,70,,5345,48,,,0,30,,5346,48,,,0,70,,5341,48,,,0,30,,5360,48,,,0,70,,5353,48,,,0,30,,5344,48,,,0,70,,5343,48,,,0,30,,5363,48,,,0,70,,5366,48,,,0,100,,5362,48,,,0,100,,5356,48,,,0,100,,5358,48,,,0,100,,5348,48,,,0,100,,5357,48,,,0
2300,'d42ada0d-ea72-4040-842e-b57703aa4328',911,,5375,48,,,0,100,,5368,48,,,0,100,,5372,48,,,0,100,,5373,48,,,0,100,,5376,48,,,0,100,,5369,48,,,0,100,,5370,48,,,0,100,,5367,48,,,0,100,,5374,48,,,0,100,,5371,48,,,0
100100,'66bdea5d-d5c9-4b01-ab9c-34d3bd199595',559,,5377,89,,,0
100100,'7f8a98ef-7552-438c-8cf0-7659ffaf9805',559,,5378,89,,,0
100400,'66bdea5d-d5c9-4b01-ab9c-34d3bd199595',633,,5389,27,,,0
100400,'7f8a98ef-7552-438c-8cf0-7659ffaf9805',633,,5390,27,,,0
