800,'1566a7a5-e049-4449-ad36-997dfbc0ff5e',605,,5694,20,,,0,30,,5705,20,,,0,70,,5686,20,,,0,30,,5683,20,,,0,70,,5703,20,,,0,30,,5681,20,,,0,70,,5707,20,,,0,30,,5695,20,,,0,70,,5709,20,,,0,30,,5688,20,,,0,70,,5702,20,,,0,30,,5706,20,,,0,70,,5701,20,,,0,30,,5710,20,,,0,70,,5684,20,,,0,30,,5704,20,,,0,70,,5691,20,,,0,30,,5693,20,,,0,70,,5687,20,,,0,30,,5692,20,,,0,70,,5708,20,,,0,30,,5685,20,,,0,70,,5690,20,,,0,30,,5699,20,,,0,70,,5697,20,,,0,100,,5698,20,,,0,100,,5696,20,,,0,100,,5700,20,,,0,100,,5689,20,,,0,100,,5682,20,,,0
800,'46d9dc64-b71a-40f7-adb2-d359d9a69bc5',605,,5714,20,,,0,100,,5734,20,,,0,100,,5718,20,,,0,100,,5733,20,,,0,100,,5722,20,,,0,30,,5721,20,,,0,70,,5729,20,,,0,30,,5719,20,,,0,70,,5712,20,,,0,30,,5730,20,,,0,70,,5726,20,,,0,30,,5723,20,,,0,70,,5713,20,,,0,30,,5715,20,,,0,70,,5725,20,,,0,30,,5731,20,,,0,70,,5711,20,,,0,30,,5728,20,,,0,70,,5736,20,,,0,30,,5724,20,,,0,70,,5732,20,,,0,100,,5720,20,,,0,100,,5716,20,,,0,100,,5717,20,,,0,100,,5735,20,,,0,100,,5727,20,,,0
800,'67b24b5a-e659-4c7b-baa6-fdcd9c66198c',605,,5762,20,,,0,30,,5742,20,,,0,70,,5756,20,,,0,30,,5737,20,,,0,70,,5763,20,,,0,30,,5765,20,,,0,70,,5750,20,,,0,30,,5764,20,,,0,70,,5747,20,,,0,30,,5738,20,,,0,70,,5758,20,,,0,30,,5757,20,,,0,70,,5751,20,,,0,30,,5754,20,,,0,70,,5740,20,,,0,30,,5744,20,,,0,70,,5753,20,,,0,30,,5761,20,,,0,70,,5755,20,,,0,30,,5752,20,,,0,70,,5760,20,,,0,30,,5745,20,,,0,70,,5766,20,,,0,30,,5759,20,,,0,70,,5743,20,,,0,100,,5739,20,,,0,100,,5748,20,,,0,100,,5741,20,,,0,100,,5749,20,,,0,100,,5746,20,,,0
800,'973d8456-b6fb-41ea-957b-0e1777112dd0',605,,5787,20,,,0,100,,5774,20,,,0,100,,5790,20,,,0,100,,5768,20,,,0,100,,5779,20,,,0,30,,5788,20,,,0,70,,5773,20,,,0,30,,5781,20,,,0,70,,5783,20,,,0,30,,5770,20,,,0,70,,5771,20,,,0,30,,5791,20,,,0,70,,5785,20,,,0,30,,5777,20,,,0,70,,5772,20,,,0,30,,5767,20,,,0,70,,5769,20,,,0,30,,5775,20,,,0,70,,5786,20,,,0,30,,5784,20,,,0,70,,5782,20,,,0,100,,5778,20,,,0,100,,5789,20,,,0,100,,5792,20,,,0,100,,5776,20,,,0,100,,5780,20,,,0
800,'a9ed4dda-1621-4e5b-9bac-0abfa7fd8601',905,,5802,20,,,0,100,,5797,20,,,0,100,,5798,20,,,0,100,,5793,20,,,0,100,,5799,20,,,0,100,,5794,20,,,0,100,,5800,20,,,0,100,,5796,20,,,0,100,,5801,20,,,0,100,,5795,20,,,0
800,'c6a9f587-91b7-4740-af4c-5ee6be215e3e',905,,5812,20,,,0,100,,5805,20,,,0,100,,5809,20,,,0,100,,5808,20,,,0,100,,5810,20,,,0,100,,5806,20,,,0,100,,5803,20,,,0,100,,5804,20,,,0,100,,5811,20,,,0,100,,5807,20,,,0
800,'f6d6175b-015f-41c4-bb6e-f3fb65f7b202',905,,5814,20,,,0,100,,5822,20,,,0,100,,5815,20,,,0,100,,5818,20,,,0,100,,5813,20,,,0,100,,5816,20,,,0,100,,5821,20,,,0,100,,5819,20,,,0,100,,5817,20,,,0,100,,5820,20,,,0
2200,'1566a7a5-e049-4449-ad36-997dfbc0ff5e',605,,6259,39,,,0,30,,6276,39,,,0,70,,6261,39,,,0,30,,6264,39,,,0,70,,6260,39,,,0,30,,6275,39,,,0,70,,6256,39,,,0,30,,6277,39,,,0,70,,6253,39,,,0,30,,6268,39,,,0,70,,6267,39,,,0,30,,6273,39,,,0,70,,6270,39,,,0,30,,6271,39,,,0,70,,6251,39,,,0,30,,6258,39,,,0,70,,6254,39,,,0,30,,6265,39,,,0,70,,6269,39,,,0,30,,6252,39,,,0,70,,6274,39,,,0,30,,6257,39,,,0,70,,6262,39,,,0,30,,6278,39,,,0,70,,6263,39,,,0,100,,6272,39,,,0,100,,6249,39,,,0,100,,6255,39,,,0,100,,6266,39,,,0,100,,6250,39,,,0
2200,'46d9dc64-b71a-40f7-adb2-d359d9a69bc5',605,,6302,39,,,0,100,,6279,39,,,0,100,,6288,39,,,0,100,,6280,39,,,0,100,,6297,39,,,0,30,,6290,39,,,0,70,,6304,39,,,0,30,,6293,39,,,0,70,,6303,39,,,0,30,,6284,39,,,0,70,,6281,39,,,0,30,,6292,39,,,0,70,,6299,39,,,0,30,,6294,39,,,0,70,,6301,39,,,0,30,,6283,39,,,0,70,,6300,39,,,0,30,,6298,39,,,0,70,,6291,39,,,0,30,,6295,39,,,0,70,,6289,39,,,0,100,,6296,39,,,0,100,,6287,39,,,0,100,,6286,39,,,0,100,,6282,39,,,0,100,,6285,39,,,0
2200,'67b24b5a-e659-4c7b-baa6-fdcd9c66198c',605,,6327,39,,,0,30,,6307,39,,,0,70,,6320,39,,,0,30,,6321,39,,,0,70,,6331,39,,,0,30,,6319,39,,,0,70,,6322,39,,,0,30,,6323,39,,,0,70,,6333,39,,,0,30,,6332,39,,,0,70,,6306,39,,,0,30,,6329,39,,,0,70,,6308,39,,,0,30,,6325,39,,,0,70,,6334,39,,,0,30,,6314,39,,,0,70,,6311,39,,,0,30,,6310,39,,,0,70,,6326,39,,,0,30,,6309,39,,,0,70,,6324,39,,,0,30,,6328,39,,,0,70,,6315,39,,,0,30,,6305,39,,,0,70,,6318,39,,,0,100,,6313,39,,,0,100,,6317,39,,,0,100,,6316,39,,,0,100,,6312,39,,,0,100,,6330,39,,,0
2200,'973d8456-b6fb-41ea-957b-0e1777112dd0',605,,6336,39,,,0,100,,6335,39,,,0,100,,6337,39,,,0,100,,6359,39,,,0,100,,6339,39,,,0,30,,6350,39,,,0,70,,6358,39,,,0,30,,6342,39,,,0,70,,6349,39,,,0,30,,6338,39,,,0,70,,6356,39,,,0,30,,6340,39,,,0,70,,6341,39,,,0,30,,6347,39,,,0,70,,6351,39,,,0,30,,6345,39,,,0,70,,6354,39,,,0,30,,6344,39,,,0,70,,6357,39,,,0,30,,6343,39,,,0,70,,6346,39,,,0,100,,6355,39,,,0,100,,6353,39,,,0,100,,6352,39,,,0,100,,6348,39,,,0,100,,6360,39,,,0
2200,'a9ed4dda-1621-4e5b-9bac-0abfa7fd8601',905,,6363,39,,,0,100,,6368,39,,,0,100,,6369,39,,,0,100,,6370,39,,,0,100,,6364,39,,,0,100,,6362,39,,,0,100,,6366,39,,,0,100,,6367,39,,,0,100,,6365,39,,,0,100,,6361,39,,,0
2200,'c6a9f587-91b7-4740-af4c-5ee6be215e3e',905,,6371,39,,,0,100,,6375,39,,,0,100,,6379,39,,,0,100,,6374,39,,,0,100,,6372,39,,,0,100,,6373,39,,,0,100,,6380,39,,,0,100,,6377,39,,,0,100,,6376,39,,,0,100,,6378,39,,,0
2200,'f6d6175b-015f-41c4-bb6e-f3fb65f7b202',905,,6388,39,,,0,100,,6385,39,,,0,100,,6384,39,,,0,100,,6381,39,,,0,100,,6389,39,,,0,100,,6382,39,,,0,100,,6383,39,,,0,100,,6390,39,,,0,100,,6387,39,,,0,100,,6386,39,,,0
