1400,'03efaf84-981a-4a44-a791-7dc95a139838',936,,4670,22,,,0,100,,4673,22,,,0,100,,4675,22,,,0,100,,4669,22,,,0,100,,4674,22,,,0,100,,4668,22,,,0,100,,4672,22,,,0,100,,4667,22,,,0,100,,4676,22,,,0,100,,4671,22,,,0
1400,'2015f747-2b22-4f8e-845d-b79a5889ca4e',636,,4682,22,,,0,100,,4680,22,,,0,100,,4698,22,,,0,100,,4697,22,,,0,70,,4699,22,,,0,30,,4688,22,,,0,70,,4678,22,,,0,30,,4686,22,,,0,70,,4687,22,,,0,30,,4690,22,,,0,70,,4695,22,,,0,30,,4700,22,,,0,70,,4694,22,,,0,30,,4692,22,,,0,70,,4701,22,,,0,30,,4691,22,,,0,70,,4693,22,,,0,30,,4684,22,,,0,70,,4696,22,,,0,30,,4685,22,,,0,100,,4679,22,,,0,100,,4683,22,,,0,100,,4677,22,,,0,100,,4689,22,,,0,100,,4702,22,,,0,100,,4681,22,,,0
1400,'47efc5d5-afa2-4db3-be64-cfe6ff704e1d',936,,4707,22,,,0,100,,4708,22,,,0,100,,4711,22,,,0,100,,4712,22,,,0,100,,4710,22,,,0,100,,4709,22,,,0,100,,4703,22,,,0,100,,4706,22,,,0,100,,4705,22,,,0,100,,4704,22,,,0
1400,'66bdea5d-d5c9-4b01-ab9c-34d3bd199595',606,,4730,22,,,0,30,,4734,22,,,0,70,,4719,22,,,0,30,,4735,22,,,0,70,,4733,22,,,0,30,,4720,22,,,0,70,,4729,22,,,0,30,,4740,22,,,0,70,,4715,22,,,0,30,,4717,22,,,0,70,,4721,22,,,0,30,,4742,22,,,0,70,,4714,22,,,0,30,,4737,22,,,0,70,,4713,22,,,0,30,,4725,22,,,0,70,,4728,22,,,0,30,,4723,22,,,0,70,,4732,22,,,0,30,,4731,22,,,0,70,,4716,22,,,0,30,,4718,22,,,0,70,,4739,22,,,0,30,,4736,22,,,0,100,,4726,22,,,0,100,,4724,22,,,0,100,,4727,22,,,0,100,,4741,22,,,0,100,,4722,22,,,0,100,,4738,22,,,0
1400,'7f8a98ef-7552-438c-8cf0-7659ffaf9805',606,,4750,22,,,0,30,,4753,22,,,0,70,,4754,22,,,0,30,,4765,22,,,0,70,,4751,22,,,0,30,,4762,22,,,0,70,,4749,22,,,0,30,,4756,22,,,0,70,,4752,22,,,0,30,,4745,22,,,0,70,,4761,22,,,0,30,,4747,22,,,0,70,,4760,22,,,0,30,,4758,22,,,0,70,,4772,22,,,0,30,,4766,22,,,0,70,,4770,22,,,0,30,,4769,22,,,0,70,,4764,22,,,0,30,,4771,22,,,0,70,,4746,22,,,0,30,,4744,22,,,0,70,,4768,22,,,0,30,,4757,22,,,0,100,,4743,22,,,0,100,,4763,22,,,0,100,,4748,22,,,0,100,,4755,22,,,0,100,,4767,22,,,0,100,,4759,22,,,0
1400,'90df7812-f7c9-4ca6-ba61-2b2c9c2604e1',636,,4779,22,,,0,100,,4791,22,,,0,100,,4773,22,,,0,100,,4795,22,,,0,70,,4789,22,,,0,30,,4798,22,,,0,70,,4793,22,,,0,30,,4777,22,,,0,70,,4774,22,,,0,30,,4797,22,,,0,70,,4790,22,,,0,30,,4782,22,,,0,70,,4783,22,,,0,30,,4796,22,,,0,70,,4776,22,,,0,30,,4794,22,,,0,70,,4785,22,,,0,30,,4788,22,,,0,70,,4792,22,,,0,30,,4775,22,,,0,100,,4781,22,,,0,100,,4784,22,,,0,100,,4786,22,,,0,100,,4787,22,,,0,100,,4780,22,,,0,100,,4778,22,,,0
1400,'d42ada0d-ea72-4040-842e-b57703aa4328',936,,4801,22,,,0,100,,4805,22,,,0,100,,4799,22,,,0,100,,4808,22,,,0,100,,4807,22,,,0,100,,4802,22,,,0,100,,4803,22,,,0,100,,4804,22,,,0,100,,4806,22,,,0,100,,4800,22,,,0
100100,'66bdea5d-d5c9-4b01-ab9c-34d3bd199595',546,,5377,62,,,0
100100,'7f8a98ef-7552-438c-8cf0-7659ffaf9805',546,,5378,62,,,0
100401,'66bdea5d-d5c9-4b01-ab9c-34d3bd199595',542,,5391,15,,,0
100401,'7f8a98ef-7552-438c-8cf0-7659ffaf9805',542,,5392,15,,,0
