1400,'1566a7a5-e049-4449-ad36-997dfbc0ff5e',600,,5834,5,,,0,30,,5832,5,,,0,70,,5823,5,,,0,30,,5838,5,,,0,70,,5849,5,,,0,30,,5827,5,,,0,70,,5826,5,,,0,30,,5839,5,,,0,70,,5851,5,,,0,30,,5824,5,,,0,70,,5825,5,,,0,30,,5844,5,,,0,70,,5836,5,,,0,30,,5837,5,,,0,70,,5852,5,,,0,30,,5835,5,,,0,70,,5833,5,,,0,30,,5828,5,,,0,70,,5843,5,,,0,30,,5830,5,,,0,70,,5840,5,,,0,30,,5848,5,,,0,70,,5831,5,,,0,30,,5841,5,,,0,100,,5850,5,,,0,100,,5847,5,,,0,100,,5842,5,,,0,100,,5829,5,,,0,100,,5846,5,,,0,100,,5845,5,,,0
1400,'46d9dc64-b71a-40f7-adb2-d359d9a69bc5',630,,5877,5,,,0,100,,5863,5,,,0,100,,5866,5,,,0,100,,5867,5,,,0,70,,5871,5,,,0,30,,5870,5,,,0,70,,5857,5,,,0,30,,5874,5,,,0,70,,5861,5,,,0,30,,5876,5,,,0,70,,5878,5,,,0,30,,5855,5,,,0,70,,5869,5,,,0,30,,5856,5,,,0,70,,5872,5,,,0,30,,5853,5,,,0,70,,5860,5,,,0,30,,5865,5,,,0,70,,5873,5,,,0,30,,5862,5,,,0,100,,5858,5,,,0,100,,5868,5,,,0,100,,5875,5,,,0,100,,5854,5,,,0,100,,5859,5,,,0,100,,5864,5,,,0
1400,'67b24b5a-e659-4c7b-baa6-fdcd9c66198c',600,,5893,5,,,0,30,,5895,5,,,0,70,,5905,5,,,0,30,,5896,5,,,0,70,,5881,5,,,0,30,,5882,5,,,0,70,,5883,5,,,0,30,,5888,5,,,0,70,,5891,5,,,0,30,,5897,5,,,0,70,,5902,5,,,0,30,,5901,5,,,0,70,,5886,5,,,0,30,,5880,5,,,0,70,,5885,5,,,0,30,,5904,5,,,0,70,,5884,5,,,0,30,,5908,5,,,0,70,,5903,5,,,0,30,,5900,5,,,0,70,,5890,5,,,0,30,,5907,5,,,0,70,,5892,5,,,0,30,,5889,5,,,0,100,,5879,5,,,0,100,,5894,5,,,0,100,,5899,5,,,0,100,,5906,5,,,0,100,,5887,5,,,0,100,,5898,5,,,0
1400,'973d8456-b6fb-41ea-957b-0e1777112dd0',630,,5916,5,,,0,100,,5923,5,,,0,100,,5928,5,,,0,100,,5925,5,,,0,70,,5927,5,,,0,30,,5922,5,,,0,70,,5910,5,,,0,30,,5921,5,,,0,70,,5909,5,,,0,30,,5914,5,,,0,70,,5918,5,,,0,30,,5931,5,,,0,70,,5915,5,,,0,30,,5919,5,,,0,70,,5911,5,,,0,30,,5930,5,,,0,70,,5913,5,,,0,30,,5933,5,,,0,70,,5926,5,,,0,30,,5932,5,,,0,100,,5934,5,,,0,100,,5917,5,,,0,100,,5924,5,,,0,100,,5929,5,,,0,100,,5920,5,,,0,100,,5912,5,,,0
1400,'a9ed4dda-1621-4e5b-9bac-0abfa7fd8601',930,,5941,5,,,0,100,,5935,5,,,0,100,,5939,5,,,0,100,,5937,5,,,0,100,,5940,5,,,0,100,,5936,5,,,0,100,,5938,5,,,0,100,,5944,5,,,0,100,,5943,5,,,0,100,,5942,5,,,0
1400,'c6a9f587-91b7-4740-af4c-5ee6be215e3e',930,,5946,5,,,0,100,,5952,5,,,0,100,,5954,5,,,0,100,,5953,5,,,0,100,,5950,5,,,0,100,,5947,5,,,0,100,,5949,5,,,0,100,,5945,5,,,0,100,,5948,5,,,0,100,,5951,5,,,0
1400,'f6d6175b-015f-41c4-bb6e-f3fb65f7b202',930,,5958,5,,,0,100,,5961,5,,,0,100,,5962,5,,,0,100,,5960,5,,,0,100,,5957,5,,,0,100,,5955,5,,,0,100,,5963,5,,,0,100,,5956,5,,,0,100,,5964,5,,,0,100,,5959,5,,,0
1500,'1566a7a5-e049-4449-ad36-997dfbc0ff5e',618,,5983,70,,,0,30,,5985,70,,,0,70,,5978,70,,,0,30,,5972,70,,,0,70,,5989,70,,,0,30,,5975,70,,,0,70,,5984,70,,,0,30,,5976,70,,,0,70,,5973,70,,,0,30,,5979,70,,,0,70,,5971,70,,,0,30,,5974,70,,,0,70,,5980,70,,,0,30,,5969,70,,,0,70,,5965,70,,,0,30,,5981,70,,,0,70,,5986,70,,,0,30,,5970,70,,,0,70,,5988,70,,,0,30,,5968,70,,,0,70,,5994,70,,,0,30,,5991,70,,,0,70,,5982,70,,,0,30,,5977,70,,,0,100,,5990,70,,,0,100,,5966,70,,,0,100,,5987,70,,,0,100,,5992,70,,,0,100,,5993,70,,,0,100,,5967,70,,,0
1500,'46d9dc64-b71a-40f7-adb2-d359d9a69bc5',648,,6002,70,,,0,100,,6009,70,,,0,100,,6003,70,,,0,100,,6004,70,,,0,70,,6000,70,,,0,30,,6017,70,,,0,70,,6016,70,,,0,30,,6007,70,,,0,70,,6013,70,,,0,30,,6010,70,,,0,70,,6014,70,,,0,30,,6020,70,,,0,70,,6012,70,,,0,30,,5998,70,,,0,70,,6005,70,,,0,30,,6006,70,,,0,70,,5999,70,,,0,30,,5996,70,,,0,70,,6018,70,,,0,30,,5995,70,,,0,100,,6015,70,,,0,100,,6008,70,,,0,100,,6001,70,,,0,100,,6019,70,,,0,100,,5997,70,,,0,100,,6011,70,,,0
1500,'67b24b5a-e659-4c7b-baa6-fdcd9c66198c',618,,6035,70,,,0,30,,6050,70,,,0,70,,6048,70,,,0,30,,6022,70,,,0,70,,6042,70,,,0,30,,6045,70,,,0,70,,6047,70,,,0,30,,6025,70,,,0,70,,6036,70,,,0,30,,6030,70,,,0,70,,6031,70,,,0,30,,6024,70,,,0,70,,6033,70,,,0,30,,6049,70,,,0,70,,6028,70,,,0,30,,6026,70,,,0,70,,6037,70,,,0,30,,6032,70,,,0,70,,6029,70,,,0,30,,6021,70,,,0,70,,6038,70,,,0,30,,6034,70,,,0,70,,6044,70,,,0,30,,6043,70,,,0,100,,6039,70,,,0,100,,6041,70,,,0,100,,6023,70,,,0,100,,6040,70,,,0,100,,6046,70,,,0,100,,6027,70,,,0
1500,'973d8456-b6fb-41ea-957b-0e1777112dd0',648,,6060,70,,,0,100,,6054,70,,,0,100,,6065,70,,,0,100,,6057,70,,,0,70,,6076,70,,,0,30,,6074,70,,,0,70,,6055,70,,,0,30,,6061,70,,,0,70,,6063,70,,,0,30,,6071,70,,,0,70,,6075,70,,,0,30,,6062,70,,,0,70,,6064,70,,,0,30,,6067,70,,,0,70,,6052,70,,,0,30,,6072,70,,,0,70,,6051,70,,,0,30,,6058,70,,,0,70,,6053,70,,,0,30,,6059,70,,,0,100,,6066,70,,,0,100,,6069,70,,,0,100,,6070,70,,,0,100,,6073,70,,,0,100,,6056,70,,,0,100,,6068,70,,,0
1500,'a9ed4dda-1621-4e5b-9bac-0abfa7fd8601',948,,6083,70,,,0,100,,6079,70,,,0,100,,6078,70,,,0,100,,6082,70,,,0,100,,6086,70,,,0,100,,6081,70,,,0,100,,6077,70,,,0,100,,6085,70,,,0,100,,6084,70,,,0,100,,6080,70,,,0
1500,'c6a9f587-91b7-4740-af4c-5ee6be215e3e',948,,6089,70,,,0,100,,6094,70,,,0,100,,6093,70,,,0,100,,6096,70,,,0,100,,6092,70,,,0,100,,6087,70,,,0,100,,6088,70,,,0,100,,6095,70,,,0,100,,6090,70,,,0,100,,6091,70,,,0
1500,'f6d6175b-015f-41c4-bb6e-f3fb65f7b202',948,,6103,70,,,0,100,,6105,70,,,0,100,,6104,70,,,0,100,,6102,70,,,0,100,,6106,70,,,0,100,,6098,70,,,0,103,,6097,70,,,0,97,,6100,70,,,0,103,,6101,70,,,0,100,,6099,70,,,0
