300,'1566a7a5-e049-4449-ad36-997dfbc0ff5e',609,,5413,38,,,0,30,,5416,38,,,0,70,,5425,38,,,0,30,,5397,38,,,0,70,,5407,38,,,0,30,,5408,38,,,0,70,,5417,38,,,0,30,,5403,38,,,0,70,,5401,38,,,0,30,,5422,38,,,0,70,,5409,38,,,0,30,,5423,38,,,0,70,,5424,38,,,0,30,,5426,38,,,0,70,,5411,38,,,0,30,,5402,38,,,0,70,,5415,38,,,0,30,,5418,38,,,0,70,,5399,38,,,0,30,,5421,38,,,0,70,,5419,38,,,0,30,,5420,38,,,0,70,,5404,38,,,0,30,,5410,38,,,0,100,,5398,38,,,0,100,,5406,38,,,0,100,,5400,38,,,0,100,,5412,38,,,0,100,,5405,38,,,0,100,,5414,38,,,0
300,'46d9dc64-b71a-40f7-adb2-d359d9a69bc5',639,,5441,38,,,0,100,,5451,38,,,0,100,,5427,38,,,0,100,,5447,38,,,0,70,,5450,38,,,0,30,,5431,38,,,0,70,,5440,38,,,0,30,,5429,38,,,0,70,,5434,38,,,0,30,,5448,38,,,0,70,,5439,38,,,0,30,,5432,38,,,0,70,,5438,38,,,0,30,,5442,38,,,0,70,,5430,38,,,0,30,,5445,38,,,0,70,,5433,38,,,0,30,,5428,38,,,0,70,,5452,38,,,0,30,,5437,38,,,0,100,,5436,38,,,0,100,,5446,38,,,0,100,,5443,38,,,0,100,,5444,38,,,0,100,,5435,38,,,0,100,,5449,38,,,0
300,'67b24b5a-e659-4c7b-baa6-fdcd9c66198c',609,,5468,38,,,0,30,,5467,38,,,0,70,,5466,38,,,0,30,,5465,38,,,0,70,,5464,38,,,0,30,,5457,38,,,0,70,,5456,38,,,0,30,,5471,38,,,0,70,,5455,38,,,0,30,,5477,38,,,0,70,,5480,38,,,0,30,,5461,38,,,0,70,,5454,38,,,0,30,,5478,38,,,0,70,,5472,38,,,0,30,,5469,38,,,0,70,,5460,38,,,0,30,,5462,38,,,0,70,,5482,38,,,0,30,,5459,38,,,0,70,,5479,38,,,0,30,,5474,38,,,0,70,,5473,38,,,0,30,,5481,38,,,0,100,,5463,38,,,0,100,,5476,38,,,0,100,,5475,38,,,0,100,,5470,38,,,0,100,,5453,38,,,0,100,,5458,38,,,0
300,'973d8456-b6fb-41ea-957b-0e1777112dd0',639,,5494,38,,,0,100,,5506,38,,,0,100,,5499,38,,,0,100,,5486,38,,,0,70,,5501,38,,,0,30,,5503,38,,,0,70,,5500,38,,,0,30,,5507,38,,,0,70,,5491,38,,,0,30,,5490,38,,,0,70,,5488,38,,,0,30,,5502,38,,,0,70,,5498,38,,,0,30,,5485,38,,,0,70,,5484,38,,,0,30,,5483,38,,,0,70,,5504,38,,,0,30,,5508,38,,,0,70,,5487,38,,,0,30,,5493,38,,,0,100,,5497,38,,,0,100,,5489,38,,,0,100,,5495,38,,,0,100,,5492,38,,,0,100,,5505,38,,,0,100,,5496,38,,,0
300,'a9ed4dda-1621-4e5b-9bac-0abfa7fd8601',939,,5513,38,,,0,100,,5514,38,,,0,100,,5515,38,,,0,100,,5516,38,,,0,100,,5512,38,,,0,100,,5518,38,,,0,100,,5517,38,,,0,100,,5510,38,,,0,100,,5509,38,,,0,100,,5511,38,,,0
300,'c6a9f587-91b7-4740-af4c-5ee6be215e3e',939,,5527,38,,,0,100,,5523,38,,,0,100,,5526,38,,,0,100,,5521,38,,,0,100,,5525,38,,,0,100,,5520,38,,,0,100,,5528,38,,,0,100,,5519,38,,,0,100,,5524,38,,,0,100,,5522,38,,,0
300,'f6d6175b-015f-41c4-bb6e-f3fb65f7b202',939,,5534,38,,,0,100,,5529,38,,,0,100,,5533,38,,,0,100,,5532,38,,,0,100,,5537,38,,,0,100,,5536,38,,,0,100,,5530,38,,,0,100,,5538,38,,,0,100,,5535,38,,,0,100,,5531,38,,,0
800,'1566a7a5-e049-4449-ad36-997dfbc0ff5e',600,,5694,0,,,0,30,6,5694,85,4,,0,70,46,5705,85,4,,0,30,,5683,0,,,0,70,,5703,0,,,0,30,6,5703,85,4,,0,70,,5707,0,,,0,30,6,5707,85,4,,0,70,46,5695,85,4,,0,30,6,5709,85,4,,0,70,46,5688,85,4,,0,30,,5706,0,,,0,70,46,5706,85,4,,0,30,,5710,0,,,0,70,46,5710,85,4,,0,30,,5704,0,,,0,70,46,5704,85,4,,0,30,6,5691,85,4,,0,70,,5687,0,,,0,30,6,5687,85,4,,0,70,,5708,0,,,0,30,6,5708,85,4,,0,70,,5690,0,,,0,30,6,5690,85,4,,0,70,,5697,0,,,0,30,6,5697,85,4,,0,70,,5698,0,,,0,30,6,5698,85,4,,0,70,,5696,0,,,0,30,6,5696,85,4,,0,70,,5700,0,,,0,30,6,5700,85,4,,0,70,,5689,0,,,0,30,6,5689,85,4,,0,70,,5682,0,,,0,30,6,5682,85,4,,0
800,'46d9dc64-b71a-40f7-adb2-d359d9a69bc5',600,,5714,0,,,0,30,6,5714,85,4,,0,70,,5734,0,,,0,30,6,5734,85,4,,0,70,,5718,0,,,0,30,6,5718,85,4,,0,70,,5733,0,,,0,30,6,5733,85,4,,0,70,,5722,0,,,0,30,6,5722,85,4,,0,70,46,5721,85,4,,0,30,6,5729,85,4,,0,70,,5712,0,,,0,30,6,5712,85,4,,0,70,,5726,0,,,0,30,6,5726,85,4,,0,70,46,5723,85,4,,0,30,,5715,0,,,0,70,46,5715,85,4,,0,30,,5731,0,,,0,70,,5711,0,,,0,30,6,5711,85,4,,0,70,,5736,0,,,0,30,,5724,0,,,0,70,46,5724,85,4,,0,30,6,5732,85,4,,0,70,,5720,0,,,0,30,6,5720,85,4,,0,70,,5716,0,,,0,30,6,5716,85,4,,0,70,,5717,0,,,0,30,6,5717,85,4,,0,70,,5735,0,,,0,30,6,5735,85,4,,0,70,,5727,0,,,0,30,6,5727,85,4,,0
800,'67b24b5a-e659-4c7b-baa6-fdcd9c66198c',600,,5762,0,,,0,30,6,5762,85,4,,0,70,,5756,0,,,0,30,6,5756,85,4,,0,70,46,5737,85,4,,0,30,,5765,0,,,0,70,,5750,0,,,0,30,6,5750,85,4,,0,70,46,5764,85,4,,0,30,,5738,0,,,0,70,,5758,0,,,0,30,,5757,0,,,0,70,46,5757,85,4,,0,30,6,5751,85,4,,0,70,,5740,0,,,0,30,6,5740,85,4,,0,70,46,5744,85,4,,0,30,,5761,0,,,0,70,46,5761,85,4,,0,30,6,5755,85,4,,0,70,46,5752,85,4,,0,30,6,5760,85,4,,0,70,,5766,0,,,0,30,6,5766,85,4,,0,70,,5743,0,,,0,30,6,5743,85,4,,0,70,,5739,0,,,0,30,6,5739,85,4,,0,70,,5748,0,,,0,30,6,5748,85,4,,0,70,,5741,0,,,0,30,6,5741,85,4,,0,70,,5749,0,,,0,30,6,5749,85,4,,0,70,,5746,0,,,0,30,6,5746,85,4,,0
800,'973d8456-b6fb-41ea-957b-0e1777112dd0',600,,5787,0,,,0,30,6,5787,85,4,,0,70,,5774,0,,,0,30,6,5774,85,4,,0,70,,5790,0,,,0,30,6,5790,85,4,,0,70,,5768,0,,,0,30,6,5768,85,4,,0,70,,5779,0,,,0,30,,5788,0,,,0,70,,5773,0,,,0,30,6,5773,85,4,,0,70,46,5781,85,4,,0,30,,5770,0,,,0,70,46,5770,85,4,,0,30,,5791,0,,,0,70,,5785,0,,,0,30,6,5785,85,4,,0,70,,5772,0,,,0,30,6,5772,85,4,,0,70,46,5767,85,4,,0,30,,5775,0,,,0,70,46,5775,85,4,,0,30,,5784,0,,,0,70,,5782,0,,,0,30,6,5782,85,4,,0,70,,5778,0,,,0,30,6,5778,85,4,,0,70,,5789,0,,,0,30,6,5789,85,4,,0,70,,5792,0,,,0,30,6,5792,85,4,,0,70,,5776,0,,,0,30,6,5776,85,4,,0,70,,5780,0,,,0,30,6,5780,85,4,,0
800,'a9ed4dda-1621-4e5b-9bac-0abfa7fd8601',900,,5802,0,,,0,30,6,5802,85,4,,0,70,,5797,0,,,0,30,6,5797,85,4,,0,70,,5798,0,,,0,30,6,5798,85,4,,0,70,,5793,0,,,0,30,6,5793,85,4,,0,70,,5799,0,,,0,30,6,5799,85,4,,0,70,,5794,0,,,0,30,6,5794,85,4,,0,70,,5800,0,,,0,30,6,5800,85,4,,0,70,,5796,0,,,0,30,6,5796,85,4,,0,70,,5801,0,,,0,30,6,5801,85,4,,0,70,,5795,0,,,0,30,6,5795,85,4,,0
800,'c6a9f587-91b7-4740-af4c-5ee6be215e3e',900,,5812,0,,,0,30,6,5812,85,4,,0,70,,5805,0,,,0,30,6,5805,85,4,,0,70,,5809,0,,,0,30,6,5809,85,4,,0,70,,5808,0,,,0,30,6,5808,85,4,,0,70,,5810,0,,,0,30,6,5810,85,4,,0,70,,5806,0,,,0,30,6,5806,85,4,,0,70,,5803,0,,,0,30,6,5803,85,4,,0,70,,5804,0,,,0,30,6,5804,85,4,,0,70,,5811,0,,,0,30,6,5811,85,4,,0,70,,5807,0,,,0,30,6,5807,85,4,,0
800,'f6d6175b-015f-41c4-bb6e-f3fb65f7b202',900,,5814,0,,,0,30,4,5814,85,4,,0,70,,5822,0,,,0,30,4,5822,85,4,,0,70,,5815,0,,,0,30,4,5815,85,4,,0,70,,5818,0,,,0,30,4,5818,85,4,,0,70,,5813,0,,,0,30,4,5813,85,4,,0,70,,5816,0,,,0,30,4,5816,85,4,,0,70,,5821,0,,,0,30,4,5821,85,4,,0,70,,5819,0,,,0,30,,5819,85,4,,0,70,,5817,0,,,0,30,4,5817,85,4,,0,70,,5820,0,,,0,30,4,5820,85,4,,0
1400,'1566a7a5-e049-4449-ad36-997dfbc0ff5e',600,,5834,0,,,0,30,4,5834,96,4,,0,70,,5823,0,,,0,30,4,5823,96,4,,0,70,,5849,0,,,0,30,,5827,0,,,0,70,44,5827,96,4,,0,30,4,5826,96,4,,0,70,44,5839,96,4,,0,30,,5824,0,,,0,70,44,5824,96,4,,0,30,,5844,0,,,0,70,44,5844,96,4,,0,30,,5837,0,,,0,70,44,5837,96,4,,0,30,,5835,0,,,0,70,44,5835,96,4,,0,30,4,5833,96,4,,0,70,,5843,0,,,0,30,4,5843,96,4,,0,70,,5840,0,,,0,30,,5848,0,,,0,70,44,5848,96,4,,0,30,4,5831,96,4,,0,70,44,5841,96,4,,0,30,,5850,0,,,0,70,44,5850,96,4,,0,30,,5847,0,,,0,70,44,5847,96,4,,0,30,,5842,0,,,0,70,44,5842,96,4,,0,30,,5829,0,,,0,70,44,5829,96,4,,0,30,,5846,0,,,0,70,44,5846,96,4,,0,30,,5845,0,,,0,70,44,5845,96,4,,0
1400,'46d9dc64-b71a-40f7-adb2-d359d9a69bc5',630,,5877,0,,,0,70,44,5877,96,4,,0,30,,5863,0,,,0,70,44,5863,96,4,,0,30,,5866,0,,,0,70,44,5866,96,4,,0,30,,5867,0,,,0,70,,5871,0,,,0,30,,5870,0,,,0,70,44,5870,96,4,,0,30,,5874,0,,,0,70,44,5874,96,4,,0,30,4,5861,96,4,,0,70,,5878,0,,,0,30,4,5878,96,4,,0,70,44,5855,96,4,,0,30,,5856,0,,,0,70,,5872,0,,,0,30,,5853,0,,,0,70,44,5853,96,4,,0,30,,5865,0,,,0,70,44,5865,96,4,,0,30,,5862,0,,,0,70,44,5862,96,4,,0,30,,5858,0,,,0,70,44,5858,96,4,,0,30,,5868,0,,,0,70,44,5868,96,4,,0,30,,5875,0,,,0,70,44,5875,96,4,,0,30,,5854,0,,,0,70,44,5854,96,4,,0,30,,5859,0,,,0,70,44,5859,96,4,,0,30,,5864,0,,,0,70,44,5864,96,4,,0
1400,'67b24b5a-e659-4c7b-baa6-fdcd9c66198c',600,,5893,0,,,0,30,,5895,0,,,0,70,44,5895,96,4,,0,30,4,5905,96,4,,0,70,,5881,0,,,0,30,,5882,0,,,0,70,44,5882,96,4,,0,30,4,5883,96,4,,0,70,44,5888,96,4,,0,30,4,5891,96,4,,0,70,,5902,0,,,0,30,,5901,0,,,0,70,44,5901,96,4,,0,30,4,5886,96,4,,0,70,,5885,0,,,0,30,4,5885,96,4,,0,70,,5884,0,,,0,30,4,5884,96,4,,0,70,,5903,0,,,0,30,,5900,0,,,0,70,44,5900,96,4,,0,30,4,5890,96,4,,0,70,,5892,0,,,0,30,,5889,0,,,0,70,44,5889,96,4,,0,30,,5879,0,,,0,70,44,5879,96,4,,0,30,,5894,0,,,0,70,44,5894,96,4,,0,30,,5899,0,,,0,70,44,5899,96,4,,0,30,,5906,0,,,0,70,44,5906,96,4,,0,30,,5887,0,,,0,70,44,5887,96,4,,0,30,,5898,0,,,0,70,44,5898,96,4,,0
1400,'973d8456-b6fb-41ea-957b-0e1777112dd0',630,,5916,0,,,0,70,44,5916,96,4,,0,30,,5923,0,,,0,70,44,5923,96,4,,0,30,,5928,0,,,0,70,44,5928,96,4,,0,30,,5925,0,,,0,70,44,5925,96,4,,0,30,4,5927,96,4,,0,70,,5910,0,,,0,30,4,5910,96,4,,0,70,,5909,0,,,0,30,,5914,0,,,0,70,44,5914,96,4,,0,30,,5931,0,,,0,70,,5915,0,,,0,30,4,5915,96,4,,0,70,,5911,0,,,0,30,,5930,0,,,0,70,44,5930,96,4,,0,30,,5933,0,,,0,70,44,5933,96,4,,0,30,,5932,0,,,0,70,44,5932,96,4,,0,30,,5934,0,,,0,70,44,5934,96,4,,0,30,,5917,0,,,0,70,44,5917,96,4,,0,30,,5924,0,,,0,70,44,5924,96,4,,0,30,,5929,0,,,0,70,44,5929,96,4,,0,30,,5920,0,,,0,70,44,5920,96,4,,0,30,,5912,0,,,0,70,44,5912,96,4,,0
1400,'a9ed4dda-1621-4e5b-9bac-0abfa7fd8601',930,,5941,0,,,0,70,44,5941,96,4,,0,30,,5935,0,,,0,70,44,5935,96,4,,0,30,,5939,0,,,0,70,44,5939,96,4,,0,30,,5937,0,,,0,70,44,5937,96,4,,0,30,,5940,0,,,0,70,44,5940,96,4,,0,30,,5936,0,,,0,70,44,5936,96,4,,0,30,,5938,0,,,0,70,44,5938,96,4,,0,30,,5944,0,,,0,70,44,5944,96,4,,0,30,,5943,0,,,0,70,44,5943,96,4,,0,30,,5942,0,,,0,70,44,5942,96,4,,0
1400,'c6a9f587-91b7-4740-af4c-5ee6be215e3e',930,,5946,0,,,0,70,44,5946,96,4,,0,30,,5952,0,,,0,70,44,5952,96,4,,0,30,,5954,0,,,0,70,44,5954,96,4,,0,30,,5953,0,,,0,70,44,5953,96,4,,0,30,,5950,0,,,0,70,44,5950,96,4,,0,30,,5947,0,,,0,70,44,5947,96,4,,0,30,,5949,0,,,0,70,44,5949,96,4,,0,30,,5945,0,,,0,70,44,5945,96,4,,0,30,,5948,0,,,0,70,44,5948,96,4,,0,30,,5951,0,,,0,70,44,5951,96,4,,0
1400,'f6d6175b-015f-41c4-bb6e-f3fb65f7b202',930,,5958,0,,,0,70,44,5958,96,4,,0,30,,5961,0,,,0,70,44,5961,96,4,,0,30,,5962,0,,,0,70,44,5962,96,4,,0,30,,5960,0,,,0,70,44,5960,96,4,,0,30,,5957,0,,,0,70,44,5957,96,4,,0,30,,5955,0,,,0,70,44,5955,96,4,,0,30,,5963,0,,,0,70,44,5963,96,4,,0,30,,5956,0,,,0,70,44,5956,96,4,,0,30,,5964,0,,,0,70,44,5964,96,4,,0,30,,5959,0,,,0,70,44,5959,96,4,,0
1500,'1566a7a5-e049-4449-ad36-997dfbc0ff5e',600,,5983,0,,,0,30,,5985,0,,,0,70,47,5985,83,4,,0,30,,5972,0,,,0,70,,5989,0,,,0,30,,5975,0,,,0,70,47,5975,83,4,,0,30,,5976,0,,,0,70,47,5976,83,4,,0,30,,5979,0,,,0,70,47,5979,83,4,,0,30,7,5971,83,4,,0,70,,5980,0,,,0,30,7,5980,83,4,,0,70,,5965,0,,,0,30,,5981,0,,,0,70,47,5981,83,4,,0,30,,5970,0,,,0,70,47,5970,83,4,,0,30,7,5988,83,4,,0,70,,5994,0,,,0,30,7,5994,83,4,,0,70,,5982,0,,,0,30,7,5982,83,4,,0,70,47,5977,83,4,,0,30,,5990,0,,,0,70,47,5990,83,4,,0,30,,5966,0,,,0,70,47,5966,83,4,,0,30,,5987,0,,,0,70,47,5987,83,4,,0,30,,5992,0,,,0,70,47,5992,83,4,,0,30,,5993,0,,,0,70,47,5993,83,4,,0,30,,5967,0,,,0,70,47,5967,83,4,,0
1500,'46d9dc64-b71a-40f7-adb2-d359d9a69bc5',630,,6002,0,,,0,70,47,6002,83,4,,0,30,,6009,0,,,0,70,47,6009,83,4,,0,30,,6003,0,,,0,70,47,6003,83,4,,0,30,,6004,0,,,0,70,47,6004,83,4,,0,30,,6017,0,,,0,70,,6016,0,,,0,30,7,6016,83,4,,0,70,,6013,0,,,0,30,,6010,0,,,0,70,,6014,0,,,0,30,7,6014,83,4,,0,70,,6012,0,,,0,30,,5998,0,,,0,70,47,5998,83,4,,0,30,7,6005,83,4,,0,70,,5999,0,,,0,30,,5996,0,,,0,70,47,5996,83,4,,0,30,7,6018,83,4,,0,70,47,5995,83,4,,0,30,,6015,0,,,0,70,47,6015,83,4,,0,30,,6008,0,,,0,70,47,6008,83,4,,0,30,,6001,0,,,0,70,47,6001,83,4,,0,30,,6019,0,,,0,70,47,6019,83,4,,0,30,,5997,0,,,0,70,47,5997,83,4,,0,30,,6011,0,,,0,70,47,6011,83,4,,0
1500,'67b24b5a-e659-4c7b-baa6-fdcd9c66198c',600,,6035,0,,,0,30,,6050,0,,,0,70,,6048,0,,,0,30,7,6048,83,4,,0,70,,6042,0,,,0,30,7,6042,83,4,,0,70,,6047,0,,,0,30,7,6047,83,4,,0,70,47,6025,83,4,,0,30,,6030,0,,,0,70,47,6030,83,4,,0,30,7,6031,83,4,,0,70,,6033,0,,,0,30,7,6033,83,4,,0,70,47,6049,83,4,,0,30,,6026,0,,,0,70,47,6026,83,4,,0,30,7,6037,83,4,,0,70,,6029,0,,,0,30,7,6029,83,4,,0,70,,6038,0,,,0,30,,6034,0,,,0,70,47,6034,83,4,,0,30,7,6044,83,4,,0,70,47,6043,83,4,,0,30,,6039,0,,,0,70,47,6039,83,4,,0,30,,6041,0,,,0,70,47,6041,83,4,,0,30,,6023,0,,,0,70,47,6023,83,4,,0,30,,6040,0,,,0,70,47,6040,83,4,,0,30,,6046,0,,,0,70,47,6046,83,4,,0,30,,6027,0,,,0,70,47,6027,83,4,,0
1500,'973d8456-b6fb-41ea-957b-0e1777112dd0',630,,6060,0,,,0,70,47,6060,83,4,,0,30,,6054,0,,,0,70,47,6054,83,4,,0,30,,6065,0,,,0,70,47,6065,83,4,,0,30,,6057,0,,,0,70,,6076,0,,,0,30,7,6076,83,4,,0,70,,6055,0,,,0,30,7,6055,83,4,,0,70,,6063,0,,,0,30,7,6063,83,4,,0,70,47,6071,83,4,,0,30,,6062,0,,,0,70,47,6062,83,4,,0,30,,6067,0,,,0,70,47,6067,83,4,,0,30,7,6052,83,4,,0,70,47,6072,83,4,,0,30,,6058,0,,,0,70,,6053,0,,,0,30,7,6053,83,4,,0,70,47,6059,83,4,,0,30,,6066,0,,,0,70,47,6066,83,4,,0,30,,6069,0,,,0,70,47,6069,83,4,,0,30,,6070,0,,,0,70,47,6070,83,4,,0,30,,6073,0,,,0,70,47,6073,83,4,,0,30,,6056,0,,,0,70,47,6056,83,4,,0,30,,6068,0,,,0,70,47,6068,83,4,,0
1500,'a9ed4dda-1621-4e5b-9bac-0abfa7fd8601',930,,6083,0,,,0,70,47,6083,83,4,,0,30,,6079,0,,,0,70,47,6079,83,4,,0,30,,6078,0,,,0,70,47,6078,83,4,,0,30,,6082,0,,,0,70,47,6082,83,4,,0,30,,6086,0,,,0,70,47,6086,83,4,,0,30,,6081,0,,,0,70,47,6081,83,4,,0,30,,6077,0,,,0,70,47,6077,83,4,,0,30,,6085,0,,,0,70,47,6085,83,4,,0,30,,6084,0,,,0,70,47,6084,83,4,,0,30,,6080,0,,,0,70,47,6080,83,4,,0
1500,'c6a9f587-91b7-4740-af4c-5ee6be215e3e',930,,6089,0,,,0,70,47,6089,83,4,,0,30,,6094,0,,,0,70,47,6094,83,4,,0,30,,6093,0,,,0,70,47,6093,83,4,,0,30,,6096,0,,,0,70,47,6096,83,4,,0,30,,6092,0,,,0,70,47,6092,83,4,,0,30,,6087,0,,,0,70,47,6087,83,4,,0,30,,6088,0,,,0,70,47,6088,83,4,,0,30,,6095,0,,,0,70,47,6095,83,4,,0,30,,6090,0,,,0,70,47,6090,83,4,,0,30,,6091,0,,,0,70,47,6091,83,4,,0
1500,'f6d6175b-015f-41c4-bb6e-f3fb65f7b202',930,,6103,0,,,0,70,47,6103,83,4,,0,30,,6105,0,,,0,70,47,6105,83,4,,0,30,,6104,0,,,0,70,47,6104,83,4,,0,30,,6102,0,,,0,70,47,6102,83,4,,0,30,,6106,0,,,0,70,47,6106,83,4,,0,30,,6098,0,,,0,70,47,6098,83,4,,0,30,,6097,0,,,0,70,41,6097,83,4,,0,30,,6100,0,,,0,70,47,6100,83,4,,0,30,,6101,0,,,0,70,41,6101,83,4,,0,30,,6099,0,,,0,70,41,6099,83,4,,0
1700,'1566a7a5-e049-4449-ad36-997dfbc0ff5e',600,,6113,0,,,0,30,,6110,0,,,0,70,,6109,0,,,0,30,,6111,0,,,0,70,,6108,0,,,0,30,,6107,0,,,0,70,,6114,0,,,0,30,,6112,0,,,0
1700,'67b24b5a-e659-4c7b-baa6-fdcd9c66198c',600,,6119,0,,,0,30,,6122,0,,,0,70,,6115,0,,,0,30,,6116,0,,,0,70,,6117,0,,,0,30,,6118,0,,,0,70,,6121,0,,,0,30,,6120,0,,,0
1701,'1566a7a5-e049-4449-ad36-997dfbc0ff5e',1000,,6142,0,,,0,30,,6136,0,,,0,70,44,6136,117,4,,0,30,,6127,0,,,0,70,,6125,0,,,0,30,4,6125,117,4,,0,70,,6135,0,,,0,30,,6130,0,,,0,70,44,6130,117,4,,0,30,4,6126,117,4,,0,70,,6124,0,,,0,30,4,6124,117,4,,0,70,,6140,0,,,0,30,,6139,0,,,0,70,,6128,0,,,0,30,,6138,0,,,0,70,44,6138,117,4,,0,30,,6133,0,,,0,70,44,6133,117,4,,0,30,,6143,0,,,0,70,44,6143,117,4,,0,30,,6129,0,,,0,70,44,6129,117,4,,0,30,,6132,0,,,0,70,44,6132,117,4,,0,30,,6137,0,,,0,70,44,6137,117,4,,0,30,,6131,0,,,0,70,44,6131,117,4,,0
1701,'46d9dc64-b71a-40f7-adb2-d359d9a69bc5',630,,6155,0,,,0,70,44,6155,117,4,,0,30,,6145,0,,,0,70,44,6145,117,4,,0,30,,6146,0,,,0,70,44,6146,117,4,,0,30,,6154,0,,,0,70,44,6154,117,4,,0,30,,6167,0,,,0,70,44,6167,117,4,,0,30,4,6153,117,4,,0,70,,6165,0,,,0,30,4,6165,117,4,,0,70,,6164,0,,,0,30,4,6164,117,4,,0,70,,6151,0,,,0,30,4,6151,117,4,,0,70,,6161,0,,,0,30,4,6161,117,4,,0,70,,6170,0,,,0,30,,6156,0,,,0,70,,6152,0,,,0,30,4,6152,117,4,,0,70,44,6159,117,4,,0,30,,6169,0,,,0,70,44,6169,117,4,,0,30,,6157,0,,,0,70,44,6157,117,4,,0,30,,6148,0,,,0,70,44,6148,117,4,,0,30,,6149,0,,,0,70,44,6149,117,4,,0,30,,6150,0,,,0,70,44,6150,117,4,,0,30,,6160,0,,,0,70,44,6160,117,4,,0
1701,'67b24b5a-e659-4c7b-baa6-fdcd9c66198c',1000,,6177,0,,,0,30,4,6177,117,4,,0,70,44,6184,117,4,,0,30,,6190,0,,,0,70,,6176,0,,,0,30,4,6176,117,4,,0,70,,6179,0,,,0,30,4,6179,117,4,,0,70,44,6181,117,4,,0,30,,6174,0,,,0,70,,6175,0,,,0,30,4,6175,117,4,,0,70,44,6180,117,4,,0,30,4,6192,117,4,,0,70,,6182,0,,,0,30,,6188,0,,,0,70,44,6188,117,4,,0,30,,6186,0,,,0,70,44,6186,117,4,,0,30,,6187,0,,,0,70,44,6187,117,4,,0,30,,6178,0,,,0,70,44,6178,117,4,,0,30,,6171,0,,,0,70,44,6171,117,4,,0,30,,6173,0,,,0,70,44,6173,117,4,,0,30,,6191,0,,,0,70,44,6191,117,4,,0
1701,'973d8456-b6fb-41ea-957b-0e1777112dd0',630,,6206,0,,,0,70,44,6206,117,4,,0,30,,6200,0,,,0,70,44,6200,117,4,,0,30,,6209,0,,,0,70,44,6209,117,4,,0,30,,6198,0,,,0,70,,6204,0,,,0,30,4,6204,117,4,,0,70,,6195,0,,,0,30,,6202,0,,,0,70,,6208,0,,,0,30,4,6208,117,4,,0,70,,6205,0,,,0,30,4,6205,117,4,,0,70,,6193,0,,,0,30,4,6193,117,4,,0,70,,6194,0,,,0,30,4,6194,117,4,,0,70,,6211,0,,,0,30,,6196,0,,,0,70,44,6196,117,4,,0,30,,6218,0,,,0,70,44,6218,117,4,,0,30,,6207,0,,,0,70,44,6207,117,4,,0,30,,6201,0,,,0,70,44,6201,117,4,,0,30,,6197,0,,,0,70,44,6197,117,4,,0,30,,6199,0,,,0,70,44,6199,117,4,,0,30,,6217,0,,,0,70,44,6217,117,4,,0,30,,6216,0,,,0,70,44,6216,117,4,,0
1701,'a9ed4dda-1621-4e5b-9bac-0abfa7fd8601',930,,6223,0,,,0,70,44,6223,117,4,,0,30,,6221,0,,,0,70,44,6221,117,4,,0,30,,6224,0,,,0,70,44,6224,117,4,,0,30,,6219,0,,,0,70,44,6219,117,4,,0,30,,6222,0,,,0,70,44,6222,117,4,,0,30,,6227,0,,,0,70,44,6227,117,4,,0,30,,6225,0,,,0,70,44,6225,117,4,,0,30,,6228,0,,,0,70,44,6228,117,4,,0,30,,6220,0,,,0,70,44,6220,117,4,,0,30,,6226,0,,,0,70,44,6226,117,4,,0
1701,'c6a9f587-91b7-4740-af4c-5ee6be215e3e',930,,6237,0,,,0,70,44,6237,117,4,,0,30,,6229,0,,,0,70,44,6229,117,4,,0,30,,6238,0,,,0,70,44,6238,117,4,,0,30,,6236,0,,,0,70,44,6236,117,4,,0,30,,6232,0,,,0,70,44,6232,117,4,,0,30,,6230,0,,,0,70,44,6230,117,4,,0,30,,6233,0,,,0,70,44,6233,117,4,,0,30,,6235,0,,,0,70,44,6235,117,4,,0,30,,6234,0,,,0,70,44,6234,117,4,,0,30,,6231,0,,,0,70,44,6231,117,4,,0
1701,'f6d6175b-015f-41c4-bb6e-f3fb65f7b202',930,,6248,0,,,0,70,41,6248,117,4,,0,30,,6245,0,,,0,70,41,6245,117,4,,0,30,,6246,0,,,0,70,44,6246,117,4,,0,30,,6247,0,,,0,70,44,6247,117,4,,0,30,,6239,0,,,0,70,44,6239,117,4,,0,30,,6242,0,,,0,70,41,6242,117,4,,0,30,,6244,0,,,0,70,41,6244,117,4,,0,30,,6243,0,,,0,70,44,6243,117,4,,0,30,,6240,0,,,0,70,41,6240,117,4,,0,30,,6241,0,,,0,70,41,6241,117,4,,0
2200,'1566a7a5-e049-4449-ad36-997dfbc0ff5e',600,,6259,0,,,0,30,4,6259,134,4,,0,70,44,6276,134,4,,0,30,4,6261,134,4,,0,70,,6260,0,,,0,30,4,6260,134,4,,0,70,44,6275,134,4,,0,30,,6277,0,,,0,70,44,6277,134,4,,0,30,4,6253,134,4,,0,70,,6267,0,,,0,30,,6273,0,,,0,70,44,6273,134,4,,0,30,,6271,0,,,0,70,44,6271,134,4,,0,30,,6258,0,,,0,70,44,6258,134,4,,0,30,4,6254,134,4,,0,70,,6269,0,,,0,30,,6252,0,,,0,70,44,6252,134,4,,0,30,,6257,0,,,0,70,,6262,0,,,0,30,4,6262,134,4,,0,70,44,6278,134,4,,0,30,4,6263,134,4,,0,70,,6272,0,,,0,30,4,6272,134,4,,0,70,,6249,0,,,0,30,4,6249,134,4,,0,70,,6255,0,,,0,30,4,6255,134,4,,0,70,,6266,0,,,0,30,4,6266,134,4,,0,70,,6250,0,,,0,30,4,6250,134,4,,0
2200,'46d9dc64-b71a-40f7-adb2-d359d9a69bc5',600,,6302,0,,,0,30,4,6302,134,4,,0,70,,6279,0,,,0,30,4,6279,134,4,,0,70,,6288,0,,,0,30,4,6288,134,4,,0,70,,6280,0,,,0,30,4,6280,134,4,,0,70,,6297,0,,,0,30,4,6297,134,4,,0,70,,6304,0,,,0,30,4,6304,134,4,,0,70,44,6293,134,4,,0,30,,6284,0,,,0,70,,6281,0,,,0,30,4,6281,134,4,,0,70,44,6292,134,4,,0,30,,6294,0,,,0,70,44,6294,134,4,,0,30,,6283,0,,,0,70,44,6283,134,4,,0,30,,6298,0,,,0,70,44,6298,134,4,,0,30,,6295,0,,,0,70,44,6295,134,4,,0,30,4,6289,134,4,,0,70,,6296,0,,,0,30,4,6296,134,4,,0,70,,6287,0,,,0,30,4,6287,134,4,,0,70,,6286,0,,,0,30,4,6286,134,4,,0,70,,6282,0,,,0,30,4,6282,134,4,,0,70,,6285,0,,,0,30,4,6285,134,4,,0
2200,'67b24b5a-e659-4c7b-baa6-fdcd9c66198c',600,,6327,0,,,0,30,4,6327,134,4,,0,70,,6320,0,,,0,30,4,6320,134,4,,0,70,,6331,0,,,0,30,4,6331,134,4,,0,70,,6322,0,,,0,30,4,6322,134,4,,0,70,44,6323,134,4,,0,30,,6332,0,,,0,70,,6306,0,,,0,30,4,6306,134,4,,0,70,,6308,0,,,0,30,4,6308,134,4,,0,70,44,6325,134,4,,0,30,,6314,0,,,0,70,44,6314,134,4,,0,30,4,6311,134,4,,0,70,,6326,0,,,0,30,,6309,0,,,0,70,,6324,0,,,0,30,4,6324,134,4,,0,70,,6315,0,,,0,30,4,6315,134,4,,0,70,,6318,0,,,0,30,4,6318,134,4,,0,70,,6313,0,,,0,30,4,6313,134,4,,0,70,,6317,0,,,0,30,4,6317,134,4,,0,70,,6316,0,,,0,30,4,6316,134,4,,0,70,,6312,0,,,0,30,4,6312,134,4,,0,70,,6330,0,,,0,30,4,6330,134,4,,0
2200,'973d8456-b6fb-41ea-957b-0e1777112dd0',600,,6336,0,,,0,30,4,6336,134,4,,0,70,,6335,0,,,0,30,4,6335,134,4,,0,70,,6337,0,,,0,30,4,6337,134,4,,0,70,,6359,0,,,0,30,4,6359,134,4,,0,70,,6339,0,,,0,30,,6350,0,,,0,70,44,6350,134,4,,0,30,4,6358,134,4,,0,70,,6349,0,,,0,30,4,6349,134,4,,0,70,,6356,0,,,0,30,4,6356,134,4,,0,70,,6341,0,,,0,30,4,6341,134,4,,0,70,,6351,0,,,0,30,,6345,0,,,0,70,44,6345,134,4,,0,30,,6344,0,,,0,70,,6357,0,,,0,30,4,6357,134,4,,0,70,,6346,0,,,0,30,4,6346,134,4,,0,70,,6355,0,,,0,30,4,6355,134,4,,0,70,,6353,0,,,0,30,4,6353,134,4,,0,70,,6352,0,,,0,30,4,6352,134,4,,0,70,,6348,0,,,0,30,4,6348,134,4,,0,70,,6360,0,,,0,30,4,6360,134,4,,0
2200,'a9ed4dda-1621-4e5b-9bac-0abfa7fd8601',900,,6363,0,,,0,30,4,6363,134,4,,0,70,,6368,0,,,0,30,4,6368,134,4,,0,70,,6369,0,,,0,30,4,6369,134,4,,0,70,,6370,0,,,0,30,4,6370,134,4,,0,70,,6364,0,,,0,30,4,6364,134,4,,0,70,,6362,0,,,0,30,4,6362,134,4,,0,70,,6366,0,,,0,30,4,6366,134,4,,0,70,,6367,0,,,0,30,4,6367,134,4,,0,70,,6365,0,,,0,30,4,6365,134,4,,0,70,,6361,0,,,0,30,4,6361,134,4,,0
2200,'c6a9f587-91b7-4740-af4c-5ee6be215e3e',900,,6371,0,,,0,30,4,6371,134,4,,0,70,,6375,0,,,0,30,4,6375,134,4,,0,70,,6379,0,,,0,30,4,6379,134,4,,0,70,,6374,0,,,0,30,4,6374,134,4,,0,70,,6372,0,,,0,30,4,6372,134,4,,0,70,,6373,0,,,0,30,4,6373,134,4,,0,70,,6380,0,,,0,30,4,6380,134,4,,0,70,,6377,0,,,0,30,4,6377,134,4,,0,70,,6376,0,,,0,30,4,6376,134,4,,0,70,,6378,0,,,0,30,4,6378,134,4,,0
2200,'f6d6175b-015f-41c4-bb6e-f3fb65f7b202',900,,6388,0,,,0,30,4,6388,134,4,,0,70,,6385,0,,,0,30,4,6385,134,4,,0,70,,6384,0,,,0,30,4,6384,134,4,,0,70,,6381,0,,,0,30,4,6381,134,4,,0,70,,6389,0,,,0,30,4,6389,134,4,,0,70,,6382,0,,,0,30,4,6382,134,4,,0,70,,6383,0,,,0,30,4,6383,134,4,,0,70,,6390,0,,,0,30,4,6390,134,4,,0,70,,6387,0,,,0,30,4,6387,134,4,,0,70,,6386,0,,,0,30,4,6386,134,4,,0
2300,'1566a7a5-e049-4449-ad36-997dfbc0ff5e',600,,6405,0,,,0,30,3,6405,103,4,,0,70,,6420,0,,,0,30,3,6420,103,4,,0,70,43,6403,106,4,,0,30,,6402,0,,,0,70,,6391,0,,,0,30,3,6391,103,4,,0,70,,6397,0,,,0,30,3,6397,103,4,,0,70,43,6407,106,4,,0,30,3,6394,103,4,,0,70,,6411,0,,,0,30,3,6411,103,4,,0,70,43,6419,106,4,,0,30,3,6401,103,4,,0,70,,6410,0,,,0,30,3,6410,103,4,,0,70,43,6409,106,4,,0,30,,6400,0,,,0,70,43,6400,106,4,,0,30,,6412,0,,,0,70,,6395,0,,,0,30,3,6395,103,4,,0,70,,6415,0,,,0,30,3,6415,103,4,,0,70,,6393,0,,,0,30,3,6393,103,4,,0,70,,6399,0,,,0,30,3,6399,103,4,,0,70,,6418,0,,,0,30,3,6418,103,4,,0,70,,6414,0,,,0,30,3,6414,103,4,,0,70,,6398,0,,,0,30,3,6398,103,4,,0
2300,'46d9dc64-b71a-40f7-adb2-d359d9a69bc5',600,,6433,0,,,0,30,3,6433,103,4,,0,70,,6435,0,,,0,30,3,6435,103,4,,0,70,,6428,0,,,0,30,3,6428,103,4,,0,70,,6423,0,,,0,30,3,6423,103,4,,0,70,,6437,0,,,0,30,3,6437,103,4,,0,70,43,6422,103,4,,0,30,,6426,0,,,0,70,,6439,0,,,0,30,,6443,0,,,0,70,43,6443,103,4,,0,30,3,6429,103,4,,0,70,,6434,0,,,0,30,3,6434,103,4,,0,70,,6438,0,,,0,30,,6421,0,,,0,70,43,6421,103,4,,0,30,,6445,0,,,0,70,43,6445,103,4,,0,30,,6425,0,,,0,70,,6440,0,,,0,30,3,6440,103,4,,0,70,,6442,0,,,0,30,3,6442,103,4,,0,70,,6441,0,,,0,30,3,6441,103,4,,0,70,,6424,0,,,0,30,3,6424,103,4,,0,70,,6444,0,,,0,30,3,6444,103,4,,0,70,,6427,0,,,0,30,3,6427,103,4,,0
2300,'67b24b5a-e659-4c7b-baa6-fdcd9c66198c',600,,6467,0,,,0,30,,6474,0,,,0,70,43,6474,106,4,,0,30,,6476,0,,,0,70,43,6476,106,4,,0,30,,6447,0,,,0,70,43,6447,106,4,,0,30,,6454,0,,,0,70,43,6454,106,4,,0,30,3,6453,103,4,,0,70,43,6473,106,4,,0,30,,6475,0,,,0,70,43,6475,106,4,,0,30,,6459,0,,,0,70,,6470,0,,,0,30,3,6470,103,4,,0,70,,6469,0,,,0,30,3,6469,103,4,,0,70,43,6452,106,4,,0,30,,6465,0,,,0,70,,6472,0,,,0,30,3,6472,103,4,,0,70,43,6468,106,4,,0,30,3,6455,103,4,,0,70,,6457,0,,,0,30,3,6457,103,4,,0,70,,6471,0,,,0,30,3,6471,103,4,,0,70,,6458,0,,,0,30,3,6458,103,4,,0,70,,6456,0,,,0,30,3,6456,103,4,,0,70,,6451,0,,,0,30,3,6451,103,4,,0,70,,6466,0,,,0,30,3,6466,103,4,,0
2300,'973d8456-b6fb-41ea-957b-0e1777112dd0',600,,6495,0,,,0,30,3,6495,103,4,,0,70,,6479,0,,,0,30,3,6479,103,4,,0,70,,6494,0,,,0,30,3,6494,103,4,,0,70,,6486,0,,,0,30,3,6486,103,4,,0,70,,6502,0,,,0,30,3,6502,103,4,,0,70,43,6496,103,4,,0,30,,6488,0,,,0,70,43,6488,103,4,,0,30,,6498,0,,,0,70,43,6498,103,4,,0,30,3,6490,103,4,,0,70,43,6493,103,4,,0,30,,6484,0,,,0,70,43,6484,103,4,,0,30,,6481,0,,,0,70,43,6481,103,4,,0,30,3,6478,103,4,,0,70,,6499,0,,,0,30,,6477,0,,,0,70,43,6477,103,4,,0,30,3,6491,103,4,,0,70,,6501,0,,,0,30,3,6501,103,4,,0,70,,6483,0,,,0,30,3,6483,103,4,,0,70,,6497,0,,,0,30,3,6497,103,4,,0,70,,6492,0,,,0,30,3,6492,103,4,,0,70,,6487,0,,,0,30,3,6487,103,4,,0
2300,'a9ed4dda-1621-4e5b-9bac-0abfa7fd8601',900,,6508,0,,,0,30,3,6508,103,4,,0,70,,6507,0,,,0,30,3,6507,103,4,,0,70,,6512,0,,,0,30,3,6512,103,4,,0,70,,6510,0,,,0,30,3,6510,103,4,,0,70,,6511,0,,,0,30,3,6511,103,4,,0,70,,6509,0,,,0,30,3,6509,103,4,,0,70,,6505,0,,,0,30,3,6505,103,4,,0,70,,6503,0,,,0,30,3,6503,103,4,,0,70,,6506,0,,,0,30,3,6506,103,4,,0,70,,6504,0,,,0,30,3,6504,103,4,,0
2300,'c6a9f587-91b7-4740-af4c-5ee6be215e3e',900,,6520,0,,,0,30,3,6520,103,4,,0,70,,6514,0,,,0,30,3,6514,103,4,,0,70,,6516,0,,,0,30,3,6516,103,4,,0,70,,6519,0,,,0,30,3,6519,103,4,,0,70,,6522,0,,,0,30,3,6522,103,4,,0,70,,6518,0,,,0,30,3,6518,103,4,,0,70,,6517,0,,,0,30,3,6517,103,4,,0,70,,6513,0,,,0,30,3,6513,103,4,,0,70,,6515,0,,,0,30,3,6515,103,4,,0,70,,6521,0,,,0,30,3,6521,103,4,,0
2300,'f6d6175b-015f-41c4-bb6e-f3fb65f7b202',900,,6532,0,,,0,30,3,6532,103,4,,0,70,,6523,0,,,0,30,3,6523,103,4,,0,70,,6528,0,,,0,30,3,6528,103,4,,0,70,,6524,0,,,0,30,3,6524,103,4,,0,70,,6531,0,,,0,30,3,6531,103,4,,0,70,,6526,0,,,0,30,3,6526,103,4,,0,70,,6530,0,,,0,30,3,6530,103,4,,0,70,,6527,0,,,0,30,3,6527,103,4,,0,70,,6529,0,,,0,30,3,6529,103,4,,0,70,,6525,0,,,0,30,3,6525,103,4,,0
