1400,'03efaf84-981a-4a44-a791-7dc95a139838',931,,4670,8,,,0,100,,4673,8,,,0,100,,4675,8,,,0,100,,4669,8,,,0,100,,4674,8,,,0,100,,4668,8,,,0,100,,4672,8,,,0,100,,4667,8,,,0,100,,4676,8,,,0,100,,4671,8,,,0
1400,'2015f747-2b22-4f8e-845d-b79a5889ca4e',631,,4682,8,,,0,100,,4680,8,,,0,100,,4698,8,,,0,100,,4697,8,,,0,70,,4699,8,,,0,30,,4688,8,,,0,70,,4678,8,,,0,30,,4686,8,,,0,70,,4687,8,,,0,30,,4690,8,,,0,70,,4695,8,,,0,30,,4700,8,,,0,70,,4694,8,,,0,30,,4692,8,,,0,70,,4701,8,,,0,30,,4691,8,,,0,70,,4693,8,,,0,30,,4684,8,,,0,70,,4696,8,,,0,30,,4685,8,,,0,100,,4679,8,,,0,100,,4683,8,,,0,100,,4677,8,,,0,100,,4689,8,,,0,100,,4702,8,,,0,100,,4681,8,,,0
1400,'47efc5d5-afa2-4db3-be64-cfe6ff704e1d',931,,4707,8,,,0,100,,4708,8,,,0,100,,4711,8,,,0,100,,4712,8,,,0,100,,4710,8,,,0,100,,4709,8,,,0,100,,4703,8,,,0,100,,4706,8,,,0,100,,4705,8,,,0,100,,4704,8,,,0
1400,'66bdea5d-d5c9-4b01-ab9c-34d3bd199595',601,,4730,8,,,0,30,,4734,8,,,0,70,,4719,8,,,0,30,,4735,8,,,0,70,,4733,8,,,0,30,,4720,8,,,0,70,,4729,8,,,0,30,,4740,8,,,0,70,,4715,8,,,0,30,,4717,8,,,0,70,,4721,8,,,0,30,,4742,8,,,0,70,,4714,8,,,0,30,,4737,8,,,0,70,,4713,8,,,0,30,,4725,8,,,0,70,,4728,8,,,0,30,,4723,8,,,0,70,,4732,8,,,0,30,,4731,8,,,0,70,,4716,8,,,0,30,,4718,8,,,0,70,,4739,8,,,0,30,,4736,8,,,0,100,,4726,8,,,0,100,,4724,8,,,0,100,,4727,8,,,0,100,,4741,8,,,0,100,,4722,8,,,0,100,,4738,8,,,0
1400,'7f8a98ef-7552-438c-8cf0-7659ffaf9805',601,,4750,8,,,0,30,,4753,8,,,0,70,,4754,8,,,0,30,,4765,8,,,0,70,,4751,8,,,0,30,,4762,8,,,0,70,,4749,8,,,0,30,,4756,8,,,0,70,,4752,8,,,0,30,,4745,8,,,0,70,,4761,8,,,0,30,,4747,8,,,0,70,,4760,8,,,0,30,,4758,8,,,0,70,,4772,8,,,0,30,,4766,8,,,0,70,,4770,8,,,0,30,,4769,8,,,0,70,,4764,8,,,0,30,,4771,8,,,0,70,,4746,8,,,0,30,,4744,8,,,0,70,,4768,8,,,0,30,,4757,8,,,0,100,,4743,8,,,0,100,,4763,8,,,0,100,,4748,8,,,0,100,,4755,8,,,0,100,,4767,8,,,0,100,,4759,8,,,0
1400,'90df7812-f7c9-4ca6-ba61-2b2c9c2604e1',631,,4779,8,,,0,100,,4791,8,,,0,100,,4773,8,,,0,100,,4795,8,,,0,70,,4789,8,,,0,30,,4798,8,,,0,70,,4793,8,,,0,30,,4777,8,,,0,70,,4774,8,,,0,30,,4797,8,,,0,70,,4790,8,,,0,30,,4782,8,,,0,70,,4783,8,,,0,30,,4796,8,,,0,70,,4776,8,,,0,30,,4794,8,,,0,70,,4785,8,,,0,30,,4788,8,,,0,70,,4792,8,,,0,30,,4775,8,,,0,100,,4781,8,,,0,100,,4784,8,,,0,100,,4786,8,,,0,100,,4787,8,,,0,100,,4780,8,,,0,100,,4778,8,,,0
1400,'d42ada0d-ea72-4040-842e-b57703aa4328',931,,4801,8,,,0,100,,4805,8,,,0,100,,4799,8,,,0,100,,4808,8,,,0,100,,4807,8,,,0,100,,4802,8,,,0,100,,4803,8,,,0,100,,4804,8,,,0,100,,4806,8,,,0,100,,4800,8,,,0
1700,'66bdea5d-d5c9-4b01-ab9c-34d3bd199595',601,,4958,6,,,0,30,,4952,6,,,0,70,,4957,6,,,0,30,,4954,6,,,0,70,,4956,6,,,0,30,,4951,6,,,0,70,,4953,6,,,0,30,,4955,6,,,0
1700,'7f8a98ef-7552-438c-8cf0-7659ffaf9805',601,,4962,6,,,0,30,,4963,6,,,0,70,,4960,6,,,0,30,,4964,6,,,0,70,,4965,6,,,0,30,,4966,6,,,0,70,,4959,6,,,0,30,,4961,6,,,0
1701,'03efaf84-981a-4a44-a791-7dc95a139838',931,,4970,7,,,0,100,,4973,7,,,0,100,,4974,7,,,0,100,,4975,7,,,0,100,,4971,7,,,0,100,,4972,7,,,0,100,,4967,7,,,0,100,,4976,7,,,0,100,,4968,7,,,0,100,,4969,7,,,0
1701,'2015f747-2b22-4f8e-845d-b79a5889ca4e',631,,4985,7,,,0,100,,4981,7,,,0,100,,4979,7,,,0,100,,4990,7,,,0,70,,4994,7,,,0,30,,4988,7,,,0,70,,5002,7,,,0,30,,4993,7,,,0,70,,4982,7,,,0,30,,4992,7,,,0,70,,4978,7,,,0,30,,4999,7,,,0,70,,4977,7,,,0,30,,5001,7,,,0,70,,5000,7,,,0,30,,4980,7,,,0,70,,4984,7,,,0,30,,4998,7,,,0,70,,4997,7,,,0,30,,4996,7,,,0,100,,4995,7,,,0,100,,4991,7,,,0,100,,4986,7,,,0,100,,4989,7,,,0,100,,4983,7,,,0,100,,4987,7,,,0
1701,'47efc5d5-afa2-4db3-be64-cfe6ff704e1d',931,,5004,7,,,0,100,,5011,7,,,0,100,,5003,7,,,0,100,,5010,7,,,0,100,,5006,7,,,0,100,,5008,7,,,0,100,,5012,7,,,0,100,,5007,7,,,0,100,,5009,7,,,0,100,,5005,7,,,0
1701,'66bdea5d-d5c9-4b01-ab9c-34d3bd199595',1001,,5023,7,,,0,30,,5028,7,,,0,70,,5032,7,,,0,30,,5025,7,,,0,70,,5013,7,,,0,30,,5021,7,,,0,70,,5026,7,,,0,30,,5020,7,,,0,70,,5018,7,,,0,30,,5033,7,,,0,70,,5027,7,,,0,30,,5030,7,,,0,70,,5019,7,,,0,30,,5022,7,,,0,70,,5031,7,,,0,30,,5015,7,,,0,100,,5034,7,,,0,100,,5016,7,,,0,100,,5024,7,,,0,100,,5029,7,,,0,100,,5017,7,,,0,100,,5014,7,,,0
1701,'7f8a98ef-7552-438c-8cf0-7659ffaf9805',1001,,5055,7,,,0,30,,5040,7,,,0,70,,5050,7,,,0,30,,5054,7,,,0,70,,5038,7,,,0,30,,5048,7,,,0,70,,5049,7,,,0,30,,5043,7,,,0,70,,5053,7,,,0,30,,5044,7,,,0,70,,5047,7,,,0,30,,5045,7,,,0,70,,5046,7,,,0,30,,5052,7,,,0,70,,5051,7,,,0,30,,5042,7,,,0,100,,5035,7,,,0,100,,5037,7,,,0,100,,5036,7,,,0,100,,5039,7,,,0,100,,5056,7,,,0,100,,5041,7,,,0
1701,'90df7812-f7c9-4ca6-ba61-2b2c9c2604e1',631,,5062,7,,,0,100,,5071,7,,,0,100,,5063,7,,,0,100,,5076,7,,,0,70,,5082,7,,,0,30,,5069,7,,,0,70,,5075,7,,,0,30,,5078,7,,,0,70,,5067,7,,,0,30,,5074,7,,,0,70,,5059,7,,,0,30,,5070,7,,,0,70,,5064,7,,,0,30,,5058,7,,,0,70,,5057,7,,,0,30,,5081,7,,,0,70,,5065,7,,,0,30,,5061,7,,,0,70,,5080,7,,,0,30,,5066,7,,,0,100,,5068,7,,,0,100,,5072,7,,,0,100,,5077,7,,,0,100,,5073,7,,,0,100,,5079,7,,,0,100,,5060,7,,,0
1701,'d42ada0d-ea72-4040-842e-b57703aa4328',931,,5086,7,,,0,100,,5089,7,,,0,100,,5091,7,,,0,100,,5083,7,,,0,100,,5092,7,,,0,100,,5085,7,,,0,100,,5087,7,,,0,100,,5088,7,,,0,100,,5090,7,,,0,100,,5084,7,,,0
2200,'03efaf84-981a-4a44-a791-7dc95a139838',901,,5100,10,,,0,100,,5096,10,,,0,100,,5098,10,,,0,100,,5093,10,,,0,100,,5099,10,,,0,100,,5095,10,,,0,100,,5102,10,,,0,100,,5094,10,,,0,100,,5097,10,,,0,100,,5101,10,,,0
2200,'2015f747-2b22-4f8e-845d-b79a5889ca4e',601,,5104,10,,,0,100,,5119,10,,,0,100,,5105,10,,,0,100,,5123,10,,,0,100,,5107,10,,,0,30,,5124,10,,,0,70,,5112,10,,,0,30,,5109,10,,,0,70,,5118,10,,,0,30,,5121,10,,,0,70,,5115,10,,,0,30,,5126,10,,,0,70,,5110,10,,,0,30,,5128,10,,,0,70,,5108,10,,,0,30,,5117,10,,,0,70,,5103,10,,,0,30,,5122,10,,,0,70,,5120,10,,,0,30,,5114,10,,,0,70,,5125,10,,,0,100,,5111,10,,,0,100,,5116,10,,,0,100,,5106,10,,,0,100,,5127,10,,,0,100,,5113,10,,,0
2200,'47efc5d5-afa2-4db3-be64-cfe6ff704e1d',901,,5129,10,,,0,100,,5133,10,,,0,100,,5138,10,,,0,100,,5135,10,,,0,100,,5134,10,,,0,100,,5130,10,,,0,100,,5136,10,,,0,100,,5132,10,,,0,100,,5131,10,,,0,100,,5137,10,,,0
2200,'66bdea5d-d5c9-4b01-ab9c-34d3bd199595',601,,5149,10,,,0,30,,5140,10,,,0,70,,5152,10,,,0,30,,5165,10,,,0,70,,5141,10,,,0,30,,5163,10,,,0,70,,5159,10,,,0,30,,5145,10,,,0,70,,5139,10,,,0,30,,5166,10,,,0,70,,5155,10,,,0,30,,5153,10,,,0,70,,5160,10,,,0,30,,5143,10,,,0,70,,5158,10,,,0,30,,5144,10,,,0,70,,5142,10,,,0,30,,5148,10,,,0,70,,5156,10,,,0,30,,5154,10,,,0,70,,5151,10,,,0,30,,5162,10,,,0,70,,5146,10,,,0,30,,5164,10,,,0,70,,5168,10,,,0,100,,5150,10,,,0,100,,5147,10,,,0,100,,5167,10,,,0,100,,5157,10,,,0,100,,5161,10,,,0
2200,'7f8a98ef-7552-438c-8cf0-7659ffaf9805',601,,5193,10,,,0,30,,5180,10,,,0,70,,5179,10,,,0,30,,5177,10,,,0,70,,5189,10,,,0,30,,5172,10,,,0,70,,5197,10,,,0,30,,5184,10,,,0,70,,5181,10,,,0,30,,5191,10,,,0,70,,5185,10,,,0,30,,5183,10,,,0,70,,5196,10,,,0,30,,5169,10,,,0,70,,5188,10,,,0,30,,5198,10,,,0,70,,5175,10,,,0,30,,5173,10,,,0,70,,5174,10,,,0,30,,5195,10,,,0,70,,5182,10,,,0,30,,5187,10,,,0,70,,5178,10,,,0,30,,5190,10,,,0,70,,5192,10,,,0,100,,5171,10,,,0,100,,5194,10,,,0,100,,5186,10,,,0,100,,5170,10,,,0,100,,5176,10,,,0
2200,'90df7812-f7c9-4ca6-ba61-2b2c9c2604e1',601,,5215,10,,,0,100,,5203,10,,,0,100,,5223,10,,,0,100,,5202,10,,,0,100,,5211,10,,,0,30,,5212,10,,,0,70,,5219,10,,,0,30,,5213,10,,,0,70,,5216,10,,,0,30,,5222,10,,,0,70,,5210,10,,,0,30,,5207,10,,,0,70,,5199,10,,,0,30,,5208,10,,,0,70,,5221,10,,,0,30,,5220,10,,,0,70,,5204,10,,,0,30,,5205,10,,,0,70,,5209,10,,,0,30,,5218,10,,,0,70,,5206,10,,,0,100,,5217,10,,,0,100,,5224,10,,,0,100,,5214,10,,,0,100,,5200,10,,,0,100,,5201,10,,,0
2200,'d42ada0d-ea72-4040-842e-b57703aa4328',901,,5226,10,,,0,100,,5230,10,,,0,100,,5231,10,,,0,100,,5229,10,,,0,100,,5225,10,,,0,100,,5232,10,,,0,100,,5228,10,,,0,100,,5234,10,,,0,100,,5227,10,,,0,100,,5233,10,,,0
