1400,'1566a7a5-e049-4449-ad36-997dfbc0ff5e',600,,5834,3,,,0,30,,5832,3,,,0,70,,5823,3,,,0,30,,5838,3,,,0,70,,5849,3,,,0,30,,5827,3,,,0,70,,5826,3,,,0,30,,5839,3,,,0,70,,5851,3,,,0,30,,5824,3,,,0,70,,5825,3,,,0,30,,5844,3,,,0,70,,5836,3,,,0,30,,5837,3,,,0,70,,5852,3,,,0,30,,5835,3,,,0,70,,5833,3,,,0,30,,5828,3,,,0,70,,5843,3,,,0,30,,5830,3,,,0,70,,5840,3,,,0,30,,5848,3,,,0,70,,5831,3,,,0,30,,5841,3,,,0,100,,5850,3,,,0,100,,5847,3,,,0,100,,5842,3,,,0,100,,5829,3,,,0,100,,5846,3,,,0,100,,5845,3,,,0
1400,'46d9dc64-b71a-40f7-adb2-d359d9a69bc5',630,,5877,3,,,0,100,,5863,3,,,0,100,,5866,3,,,0,100,,5867,3,,,0,70,,5871,3,,,0,30,,5870,3,,,0,70,,5857,3,,,0,30,,5874,3,,,0,70,,5861,3,,,0,30,,5876,3,,,0,70,,5878,3,,,0,30,,5855,3,,,0,70,,5869,3,,,0,30,,5856,3,,,0,70,,5872,3,,,0,30,,5853,3,,,0,70,,5860,3,,,0,30,,5865,3,,,0,70,,5873,3,,,0,30,,5862,3,,,0,100,,5858,3,,,0,100,,5868,3,,,0,100,,5875,3,,,0,100,,5854,3,,,0,100,,5859,3,,,0,100,,5864,3,,,0
1400,'67b24b5a-e659-4c7b-baa6-fdcd9c66198c',600,,5893,3,,,0,30,,5895,3,,,0,70,,5905,3,,,0,30,,5896,3,,,0,70,,5881,3,,,0,30,,5882,3,,,0,70,,5883,3,,,0,30,,5888,3,,,0,70,,5891,3,,,0,30,,5897,3,,,0,70,,5902,3,,,0,30,,5901,3,,,0,70,,5886,3,,,0,30,,5880,3,,,0,70,,5885,3,,,0,30,,5904,3,,,0,70,,5884,3,,,0,30,,5908,3,,,0,70,,5903,3,,,0,30,,5900,3,,,0,70,,5890,3,,,0,30,,5907,3,,,0,70,,5892,3,,,0,30,,5889,3,,,0,100,,5879,3,,,0,100,,5894,3,,,0,100,,5899,3,,,0,100,,5906,3,,,0,100,,5887,3,,,0,100,,5898,3,,,0
1400,'973d8456-b6fb-41ea-957b-0e1777112dd0',630,,5916,3,,,0,100,,5923,3,,,0,100,,5928,3,,,0,100,,5925,3,,,0,70,,5927,3,,,0,30,,5922,3,,,0,70,,5910,3,,,0,30,,5921,3,,,0,70,,5909,3,,,0,30,,5914,3,,,0,70,,5918,3,,,0,30,,5931,3,,,0,70,,5915,3,,,0,30,,5919,3,,,0,70,,5911,3,,,0,30,,5930,3,,,0,70,,5913,3,,,0,30,,5933,3,,,0,70,,5926,3,,,0,30,,5932,3,,,0,100,,5934,3,,,0,100,,5917,3,,,0,100,,5924,3,,,0,100,,5929,3,,,0,100,,5920,3,,,0,100,,5912,3,,,0
1400,'a9ed4dda-1621-4e5b-9bac-0abfa7fd8601',930,,5941,3,,,0,100,,5935,3,,,0,100,,5939,3,,,0,100,,5937,3,,,0,100,,5940,3,,,0,100,,5936,3,,,0,100,,5938,3,,,0,100,,5944,3,,,0,100,,5943,3,,,0,100,,5942,3,,,0
1400,'c6a9f587-91b7-4740-af4c-5ee6be215e3e',930,,5946,3,,,0,100,,5952,3,,,0,100,,5954,3,,,0,100,,5953,3,,,0,100,,5950,3,,,0,100,,5947,3,,,0,100,,5949,3,,,0,100,,5945,3,,,0,100,,5948,3,,,0,100,,5951,3,,,0
1400,'f6d6175b-015f-41c4-bb6e-f3fb65f7b202',930,,5958,3,,,0,100,,5961,3,,,0,100,,5962,3,,,0,100,,5960,3,,,0,100,,5957,3,,,0,100,,5955,3,,,0,100,,5963,3,,,0,100,,5956,3,,,0,100,,5964,3,,,0,100,,5959,3,,,0
2300,'1566a7a5-e049-4449-ad36-997dfbc0ff5e',600,,6405,3,,,0,30,,6413,3,,,0,70,,6420,3,,,0,30,,6403,3,,,0,70,,6416,3,,,0,30,,6402,3,,,0,70,,6391,3,,,0,30,,6404,3,,,0,70,,6397,3,,,0,30,,6407,3,,,0,70,,6394,3,,,0,30,,6408,3,,,0,70,,6411,3,,,0,30,,6419,3,,,0,70,,6401,3,,,0,30,,6392,3,,,0,70,,6410,3,,,0,30,,6409,3,,,0,70,,6406,3,,,0,30,,6400,3,,,0,70,,6396,3,,,0,30,,6412,3,,,0,70,,6395,3,,,0,30,,6417,3,,,0,70,,6415,3,,,0,100,,6393,3,,,0,100,,6399,3,,,0,100,,6418,3,,,0,100,,6414,3,,,0,100,,6398,3,,,0
2300,'46d9dc64-b71a-40f7-adb2-d359d9a69bc5',600,,6433,3,,,0,100,,6435,3,,,0,100,,6428,3,,,0,100,,6423,3,,,0,100,,6437,3,,,0,30,,6422,3,,,0,70,,6430,3,,,0,30,,6426,3,,,0,70,,6439,3,,,0,30,,6443,3,,,0,70,,6429,3,,,0,30,,6432,3,,,0,70,,6434,3,,,0,30,,6436,3,,,0,70,,6438,3,,,0,30,,6421,3,,,0,70,,6431,3,,,0,30,,6445,3,,,0,70,,6446,3,,,0,30,,6425,3,,,0,70,,6440,3,,,0,100,,6442,3,,,0,100,,6441,3,,,0,100,,6424,3,,,0,100,,6444,3,,,0,100,,6427,3,,,0
2300,'67b24b5a-e659-4c7b-baa6-fdcd9c66198c',600,,6467,3,,,0,30,,6474,3,,,0,70,,6464,3,,,0,30,,6476,3,,,0,70,,6450,3,,,0,30,,6447,3,,,0,70,,6461,3,,,0,30,,6454,3,,,0,70,,6453,3,,,0,30,,6473,3,,,0,70,,6460,3,,,0,30,,6475,3,,,0,70,,6449,3,,,0,30,,6459,3,,,0,70,,6470,3,,,0,30,,6463,3,,,0,70,,6469,3,,,0,30,,6452,3,,,0,70,,6462,3,,,0,30,,6465,3,,,0,70,,6472,3,,,0,30,,6468,3,,,0,70,,6455,3,,,0,30,,6448,3,,,0,70,,6457,3,,,0,100,,6471,3,,,0,100,,6458,3,,,0,100,,6456,3,,,0,100,,6451,3,,,0,100,,6466,3,,,0
2300,'973d8456-b6fb-41ea-957b-0e1777112dd0',600,,6495,3,,,0,100,,6479,3,,,0,100,,6494,3,,,0,100,,6486,3,,,0,100,,6502,3,,,0,30,,6496,3,,,0,70,,6500,3,,,0,30,,6488,3,,,0,70,,6485,3,,,0,30,,6498,3,,,0,70,,6490,3,,,0,30,,6493,3,,,0,70,,6482,3,,,0,30,,6484,3,,,0,70,,6489,3,,,0,30,,6481,3,,,0,70,,6478,3,,,0,30,,6480,3,,,0,70,,6499,3,,,0,30,,6477,3,,,0,70,,6491,3,,,0,100,,6501,3,,,0,100,,6483,3,,,0,100,,6497,3,,,0,100,,6492,3,,,0,100,,6487,3,,,0
2300,'a9ed4dda-1621-4e5b-9bac-0abfa7fd8601',900,,6508,3,,,0,100,,6507,3,,,0,100,,6512,3,,,0,100,,6510,3,,,0,100,,6511,3,,,0,100,,6509,3,,,0,100,,6505,3,,,0,100,,6503,3,,,0,100,,6506,3,,,0,100,,6504,3,,,0
2300,'c6a9f587-91b7-4740-af4c-5ee6be215e3e',900,,6520,3,,,0,100,,6514,3,,,0,100,,6516,3,,,0,100,,6519,3,,,0,100,,6522,3,,,0,100,,6518,3,,,0,100,,6517,3,,,0,100,,6513,3,,,0,100,,6515,3,,,0,100,,6521,3,,,0
2300,'f6d6175b-015f-41c4-bb6e-f3fb65f7b202',900,,6532,3,,,0,100,,6523,3,,,0,100,,6528,3,,,0,100,,6524,3,,,0,100,,6531,3,,,0,100,,6526,3,,,0,100,,6530,3,,,0,100,,6527,3,,,0,100,,6529,3,,,0,100,,6525,3,,,0
