2200,'03efaf84-981a-4a44-a791-7dc95a139838',913,,5100,87,,,0,100,,5096,87,,,0,100,,5098,87,,,0,100,,5093,87,,,0,100,,5099,87,,,0,100,,5095,87,,,0,100,,5102,87,,,0,100,,5094,87,,,0,100,,5097,87,,,0,100,,5101,87,,,0
2200,'2015f747-2b22-4f8e-845d-b79a5889ca4e',613,,5104,87,,,0,100,,5119,87,,,0,100,,5105,87,,,0,100,,5123,87,,,0,100,,5107,87,,,0,30,,5124,87,,,0,70,,5112,87,,,0,30,,5109,87,,,0,70,,5118,87,,,0,30,,5121,87,,,0,70,,5115,87,,,0,30,,5126,87,,,0,70,,5110,87,,,0,30,,5128,87,,,0,70,,5108,87,,,0,30,,5117,87,,,0,70,,5103,87,,,0,30,,5122,87,,,0,70,,5120,87,,,0,30,,5114,87,,,0,70,,5125,87,,,0,100,,5111,87,,,0,100,,5116,87,,,0,100,,5106,87,,,0,100,,5127,87,,,0,100,,5113,87,,,0
2200,'47efc5d5-afa2-4db3-be64-cfe6ff704e1d',913,,5129,87,,,0,100,,5133,87,,,0,100,,5138,87,,,0,100,,5135,87,,,0,100,,5134,87,,,0,100,,5130,87,,,0,100,,5136,87,,,0,100,,5132,87,,,0,100,,5131,87,,,0,100,,5137,87,,,0
2200,'66bdea5d-d5c9-4b01-ab9c-34d3bd199595',613,,5149,87,,,0,30,,5140,87,,,0,70,,5152,87,,,0,30,,5165,87,,,0,70,,5141,87,,,0,30,,5163,87,,,0,70,,5159,87,,,0,30,,5145,87,,,0,70,,5139,87,,,0,30,,5166,87,,,0,70,,5155,87,,,0,30,,5153,87,,,0,70,,5160,87,,,0,30,,5143,87,,,0,70,,5158,87,,,0,30,,5144,87,,,0,70,,5142,87,,,0,30,,5148,87,,,0,70,,5156,87,,,0,30,,5154,87,,,0,70,,5151,87,,,0,30,,5162,87,,,0,70,,5146,87,,,0,30,,5164,87,,,0,70,,5168,87,,,0,100,,5150,87,,,0,100,,5147,87,,,0,100,,5167,87,,,0,100,,5157,87,,,0,100,,5161,87,,,0
2200,'7f8a98ef-7552-438c-8cf0-7659ffaf9805',613,,5193,87,,,0,30,,5180,87,,,0,70,,5179,87,,,0,30,,5177,87,,,0,70,,5189,87,,,0,30,,5172,87,,,0,70,,5197,87,,,0,30,,5184,87,,,0,70,,5181,87,,,0,30,,5191,87,,,0,70,,5185,87,,,0,30,,5183,87,,,0,70,,5196,87,,,0,30,,5169,87,,,0,70,,5188,87,,,0,30,,5198,87,,,0,70,,5175,87,,,0,30,,5173,87,,,0,70,,5174,87,,,0,30,,5195,87,,,0,70,,5182,87,,,0,30,,5187,87,,,0,70,,5178,87,,,0,30,,5190,87,,,0,70,,5192,87,,,0,100,,5171,87,,,0,100,,5194,87,,,0,100,,5186,87,,,0,100,,5170,87,,,0,100,,5176,87,,,0
2200,'90df7812-f7c9-4ca6-ba61-2b2c9c2604e1',613,,5215,87,,,0,100,,5203,87,,,0,100,,5223,87,,,0,100,,5202,87,,,0,100,,5211,87,,,0,30,,5212,87,,,0,70,,5219,87,,,0,30,,5213,87,,,0,70,,5216,87,,,0,30,,5222,87,,,0,70,,5210,87,,,0,30,,5207,87,,,0,70,,5199,87,,,0,30,,5208,87,,,0,70,,5221,87,,,0,30,,5220,87,,,0,70,,5204,87,,,0,30,,5205,87,,,0,70,,5209,87,,,0,30,,5218,87,,,0,70,,5206,87,,,0,100,,5217,87,,,0,100,,5224,87,,,0,100,,5214,87,,,0,100,,5200,87,,,0,100,,5201,87,,,0
2200,'d42ada0d-ea72-4040-842e-b57703aa4328',913,,5226,87,,,0,100,,5230,87,,,0,100,,5231,87,,,0,100,,5229,87,,,0,100,,5225,87,,,0,100,,5232,87,,,0,100,,5228,87,,,0,100,,5234,87,,,0,100,,5227,87,,,0,100,,5233,87,,,0
100800,'66bdea5d-d5c9-4b01-ab9c-34d3bd199595',2431,,5393,3,,,0
100800,'7f8a98ef-7552-438c-8cf0-7659ffaf9805',2431,,5394,3,,,0
100900,'66bdea5d-d5c9-4b01-ab9c-34d3bd199595',2544,,5395,3,,,0
100900,'7f8a98ef-7552-438c-8cf0-7659ffaf9805',2544,,5396,3,,,0
