1400,'03efaf84-981a-4a44-a791-7dc95a139838',943,,4670,66,,,0,100,,4673,66,,,0,100,,4675,66,,,0,100,,4669,66,,,0,100,,4674,66,,,0,100,,4668,66,,,0,100,,4672,66,,,0,100,,4667,66,,,0,100,,4676,66,,,0,100,,4671,66,,,0
1400,'2015f747-2b22-4f8e-845d-b79a5889ca4e',643,,4682,66,,,0,100,,4680,66,,,0,100,,4698,66,,,0,100,,4697,66,,,0,70,,4699,66,,,0,30,,4688,66,,,0,70,,4678,66,,,0,30,,4686,66,,,0,70,,4687,66,,,0,30,,4690,66,,,0,70,,4695,66,,,0,30,,4700,66,,,0,70,,4694,66,,,0,30,,4692,66,,,0,70,,4701,66,,,0,30,,4691,66,,,0,70,,4693,66,,,0,30,,4684,66,,,0,70,,4696,66,,,0,30,,4685,66,,,0,100,,4679,66,,,0,100,,4683,66,,,0,100,,4677,66,,,0,100,,4689,66,,,0,100,,4702,66,,,0,100,,4681,66,,,0
1400,'47efc5d5-afa2-4db3-be64-cfe6ff704e1d',943,,4707,66,,,0,100,,4708,66,,,0,100,,4711,66,,,0,100,,4712,66,,,0,100,,4710,66,,,0,100,,4709,66,,,0,100,,4703,66,,,0,100,,4706,66,,,0,100,,4705,66,,,0,100,,4704,66,,,0
1400,'66bdea5d-d5c9-4b01-ab9c-34d3bd199595',613,,4730,66,,,0,30,,4734,66,,,0,70,,4719,66,,,0,30,,4735,66,,,0,70,,4733,66,,,0,30,,4720,66,,,0,70,,4729,66,,,0,30,,4740,66,,,0,70,,4715,66,,,0,30,,4717,66,,,0,70,,4721,66,,,0,30,,4742,66,,,0,70,,4714,66,,,0,30,,4737,66,,,0,70,,4713,66,,,0,30,,4725,66,,,0,70,,4728,66,,,0,30,,4723,66,,,0,70,,4732,66,,,0,30,,4731,66,,,0,70,,4716,66,,,0,30,,4718,66,,,0,70,,4739,66,,,0,30,,4736,66,,,0,100,,4726,66,,,0,100,,4724,66,,,0,100,,4727,66,,,0,100,,4741,66,,,0,100,,4722,66,,,0,100,,4738,66,,,0
1400,'7f8a98ef-7552-438c-8cf0-7659ffaf9805',613,,4750,66,,,0,30,,4753,66,,,0,70,,4754,66,,,0,30,,4765,66,,,0,70,,4751,66,,,0,30,,4762,66,,,0,70,,4749,66,,,0,30,,4756,66,,,0,70,,4752,66,,,0,30,,4745,66,,,0,70,,4761,66,,,0,30,,4747,66,,,0,70,,4760,66,,,0,30,,4758,66,,,0,70,,4772,66,,,0,30,,4766,66,,,0,70,,4770,66,,,0,30,,4769,66,,,0,70,,4764,66,,,0,30,,4771,66,,,0,70,,4746,66,,,0,30,,4744,66,,,0,70,,4768,66,,,0,30,,4757,66,,,0,100,,4743,66,,,0,100,,4763,66,,,0,100,,4748,66,,,0,100,,4755,66,,,0,100,,4767,66,,,0,100,,4759,66,,,0
1400,'90df7812-f7c9-4ca6-ba61-2b2c9c2604e1',643,,4779,66,,,0,100,,4791,66,,,0,100,,4773,66,,,0,100,,4795,66,,,0,70,,4789,66,,,0,30,,4798,66,,,0,70,,4793,66,,,0,30,,4777,66,,,0,70,,4774,66,,,0,30,,4797,66,,,0,70,,4790,66,,,0,30,,4782,66,,,0,70,,4783,66,,,0,30,,4796,66,,,0,70,,4776,66,,,0,30,,4794,66,,,0,70,,4785,66,,,0,30,,4788,66,,,0,70,,4792,66,,,0,30,,4775,66,,,0,100,,4781,66,,,0,100,,4784,66,,,0,100,,4786,66,,,0,100,,4787,66,,,0,100,,4780,66,,,0,100,,4778,66,,,0
1400,'d42ada0d-ea72-4040-842e-b57703aa4328',943,,4801,66,,,0,100,,4805,66,,,0,100,,4799,66,,,0,100,,4808,66,,,0,100,,4807,66,,,0,100,,4802,66,,,0,100,,4803,66,,,0,100,,4804,66,,,0,100,,4806,66,,,0,100,,4800,66,,,0
2200,'03efaf84-981a-4a44-a791-7dc95a139838',908,,5100,55,,,0,100,,5096,55,,,0,100,,5098,55,,,0,100,,5093,55,,,0,100,,5099,55,,,0,100,,5095,55,,,0,100,,5102,55,,,0,100,,5094,55,,,0,100,,5097,55,,,0,100,,5101,55,,,0
2200,'2015f747-2b22-4f8e-845d-b79a5889ca4e',608,,5104,55,,,0,100,,5119,55,,,0,100,,5105,55,,,0,100,,5123,55,,,0,100,,5107,55,,,0,30,,5124,55,,,0,70,,5112,55,,,0,30,,5109,55,,,0,70,,5118,55,,,0,30,,5121,55,,,0,70,,5115,55,,,0,30,,5126,55,,,0,70,,5110,55,,,0,30,,5128,55,,,0,70,,5108,55,,,0,30,,5117,55,,,0,70,,5103,55,,,0,30,,5122,55,,,0,70,,5120,55,,,0,30,,5114,55,,,0,70,,5125,55,,,0,100,,5111,55,,,0,100,,5116,55,,,0,100,,5106,55,,,0,100,,5127,55,,,0,100,,5113,55,,,0
2200,'47efc5d5-afa2-4db3-be64-cfe6ff704e1d',908,,5129,55,,,0,100,,5133,55,,,0,100,,5138,55,,,0,100,,5135,55,,,0,100,,5134,55,,,0,100,,5130,55,,,0,100,,5136,55,,,0,100,,5132,55,,,0,100,,5131,55,,,0,100,,5137,55,,,0
2200,'66bdea5d-d5c9-4b01-ab9c-34d3bd199595',608,,5149,55,,,0,30,,5140,55,,,0,70,,5152,55,,,0,30,,5165,55,,,0,70,,5141,55,,,0,30,,5163,55,,,0,70,,5159,55,,,0,30,,5145,55,,,0,70,,5139,55,,,0,30,,5166,55,,,0,70,,5155,55,,,0,30,,5153,55,,,0,70,,5160,55,,,0,30,,5143,55,,,0,70,,5158,55,,,0,30,,5144,55,,,0,70,,5142,55,,,0,30,,5148,55,,,0,70,,5156,55,,,0,30,,5154,55,,,0,70,,5151,55,,,0,30,,5162,55,,,0,70,,5146,55,,,0,30,,5164,55,,,0,70,,5168,55,,,0,100,,5150,55,,,0,100,,5147,55,,,0,100,,5167,55,,,0,100,,5157,55,,,0,100,,5161,55,,,0
2200,'7f8a98ef-7552-438c-8cf0-7659ffaf9805',608,,5193,55,,,0,30,,5180,55,,,0,70,,5179,55,,,0,30,,5177,55,,,0,70,,5189,55,,,0,30,,5172,55,,,0,70,,5197,55,,,0,30,,5184,55,,,0,70,,5181,55,,,0,30,,5191,55,,,0,70,,5185,55,,,0,30,,5183,55,,,0,70,,5196,55,,,0,30,,5169,55,,,0,70,,5188,55,,,0,30,,5198,55,,,0,70,,5175,55,,,0,30,,5173,55,,,0,70,,5174,55,,,0,30,,5195,55,,,0,70,,5182,55,,,0,30,,5187,55,,,0,70,,5178,55,,,0,30,,5190,55,,,0,70,,5192,55,,,0,100,,5171,55,,,0,100,,5194,55,,,0,100,,5186,55,,,0,100,,5170,55,,,0,100,,5176,55,,,0
2200,'90df7812-f7c9-4ca6-ba61-2b2c9c2604e1',608,,5215,55,,,0,100,,5203,55,,,0,100,,5223,55,,,0,100,,5202,55,,,0,100,,5211,55,,,0,30,,5212,55,,,0,70,,5219,55,,,0,30,,5213,55,,,0,70,,5216,55,,,0,30,,5222,55,,,0,70,,5210,55,,,0,30,,5207,55,,,0,70,,5199,55,,,0,30,,5208,55,,,0,70,,5221,55,,,0,30,,5220,55,,,0,70,,5204,55,,,0,30,,5205,55,,,0,70,,5209,55,,,0,30,,5218,55,,,0,70,,5206,55,,,0,100,,5217,55,,,0,100,,5224,55,,,0,100,,5214,55,,,0,100,,5200,55,,,0,100,,5201,55,,,0
2200,'d42ada0d-ea72-4040-842e-b57703aa4328',908,,5226,55,,,0,100,,5230,55,,,0,100,,5231,55,,,0,100,,5229,55,,,0,100,,5225,55,,,0,100,,5232,55,,,0,100,,5228,55,,,0,100,,5234,55,,,0,100,,5227,55,,,0,100,,5233,55,,,0
